0 0.182031 0.521759 0.039062 0.039815
0 0.078906 0.728241 0.042188 0.039815
0 0.137760 0.697685 0.035937 0.036111
0 0.184896 0.678704 0.040625 0.038889
0 0.135417 0.645370 0.039583 0.040741
0 0.260156 0.581019 0.040104 0.039815
0 0.383594 0.527778 0.035937 0.038889
0 0.413281 0.463889 0.042188 0.038889
0 0.491406 0.550463 0.035937 0.036111
0 0.340104 0.657407 0.040625 0.042593
0 0.487760 0.881944 0.017188 0.069444
0 0.516406 0.906019 0.018229 0.067593
0 0.546354 0.485185 0.040625 0.025926
0 0.614323 0.524537 0.038021 0.028704
0 0.594010 0.605093 0.035937 0.030556
0 0.719010 0.484722 0.039062 0.026852
0 0.899740 0.510648 0.042188 0.030556
0 0.793490 0.588426 0.035937 0.030556
0 0.386198 0.138426 0.017188 0.062037
0 0.409635 0.132407 0.016146 0.068519
0 0.980469 0.634722 0.034896 0.034259
0 0.911719 0.593056 0.041146 0.034259