0 0.079948 0.651852 0.038021 0.042593
0 0.363281 0.309259 0.016146 0.061111
0 0.396354 0.342593 0.017708 0.064815
0 0.410938 0.034259 0.015625 0.066667
0 0.452865 0.088426 0.017188 0.063889
0 0.474479 0.227315 0.015625 0.063889
0 0.511198 0.213889 0.018229 0.070370
0 0.424740 0.434259 0.017188 0.068519
0 0.405990 0.543519 0.017188 0.062963
0 0.474219 0.493519 0.017188 0.062963
0 0.412760 0.704167 0.017188 0.065741
0 0.432031 0.661111 0.016146 0.064815
0 0.487500 0.781019 0.019792 0.075000
0 0.104167 0.768981 0.038542 0.039815
0 0.154167 0.744907 0.035417 0.037963
0 0.215104 0.718056 0.043750 0.039815
0 0.143229 0.696296 0.036458 0.038889
0 0.476562 0.943519 0.021875 0.072222
0 0.704688 0.534722 0.037500 0.032407