0 0.021875 0.732870 0.041667 0.045370
0 0.039062 0.773611 0.038542 0.041667
0 0.136198 0.681481 0.038021 0.033333
0 0.193229 0.656019 0.038542 0.039815
0 0.238802 0.629167 0.039062 0.037963
0 0.222396 0.698148 0.040625 0.040741
0 0.261979 0.506019 0.035417 0.041667
0 0.397656 0.372222 0.016146 0.062963
0 0.422396 0.262963 0.015625 0.066667
0 0.475000 0.064352 0.017708 0.067593
0 0.520052 0.309722 0.026562 0.063889
0 0.477083 0.399537 0.015625 0.063889
0 0.600000 0.411111 0.034375 0.035185
0 0.677083 0.435185 0.037500 0.029630
0 0.741667 0.455093 0.039583 0.030556
0 0.707031 0.494444 0.036979 0.029630
0 0.764844 0.502778 0.036979 0.027778
0 0.756510 0.546296 0.040104 0.027778
0 0.698438 0.539352 0.035417 0.028704
0 0.819271 0.558796 0.040625 0.026852
0 0.830729 0.510648 0.039583 0.028704
0 0.878385 0.518981 0.041146 0.030556
0 0.667188 0.610648 0.037500 0.028704
0 0.573698 0.608796 0.040104 0.047222
0 0.482292 0.606019 0.017708 0.065741
0 0.434375 0.663426 0.018750 0.076852
0 0.410938 0.822222 0.018750 0.066667
0 0.442188 0.893519 0.017708 0.068519
0 0.486719 0.811111 0.018229 0.066667
0 0.468490 0.956944 0.020313 0.076852