0 0.783073 0.631944 0.038021 0.030556
0 0.723437 0.531019 0.038542 0.036111
0 0.701562 0.478241 0.037500 0.028704
0 0.762760 0.488426 0.041146 0.032407
0 0.814323 0.503241 0.039062 0.030556
0 0.898177 0.521759 0.039062 0.032407
0 0.941667 0.481019 0.037500 0.032407
0 0.167187 0.641204 0.037500 0.036111
0 0.221094 0.614352 0.035937 0.034259
0 0.084635 0.729167 0.039062 0.034259
0 0.027865 0.760648 0.039062 0.041667
0 0.367969 0.112037 0.015104 0.064815
0 0.395833 0.104630 0.015625 0.070370
0 0.417708 0.080556 0.015625 0.064815