0 0.405729 0.325926 0.016667 0.062963
0 0.429167 0.287963 0.016667 0.064815
0 0.468750 0.256481 0.016667 0.066667
0 0.428906 0.464352 0.015104 0.067593
0 0.467969 0.510185 0.017188 0.066667
0 0.430208 0.631019 0.015625 0.065741
0 0.495573 0.623611 0.017188 0.060185
0 0.407552 0.581481 0.017188 0.070370
0 0.221875 0.621759 0.038542 0.037963
0 0.223698 0.668981 0.038021 0.036111
0 0.344531 0.706944 0.035937 0.039815
0 0.476562 0.752315 0.018750 0.069444
0 0.425781 0.828704 0.017188 0.066667
0 0.507031 0.968056 0.016146 0.058333
0 0.380729 0.112037 0.016667 0.064815
0 0.699219 0.497685 0.039062 0.032407
0 0.706510 0.543981 0.034896 0.028704
0 0.755469 0.551389 0.039062 0.030556
0 0.761979 0.505093 0.037500 0.030556
0 0.828385 0.522222 0.031771 0.031481
0 0.854427 0.481944 0.039062 0.036111
0 0.900260 0.489352 0.034896 0.028704
0 0.941667 0.545370 0.040625 0.035185