0 0.398438 0.135648 0.014583 0.063889
0 0.473958 0.423148 0.015625 0.064815
0 0.428125 0.331019 0.015625 0.056481
0 0.362760 0.356481 0.023438 0.062963
0 0.407031 0.481481 0.016146 0.059259
0 0.430729 0.588889 0.015625 0.064815
0 0.480469 0.701389 0.017188 0.056481
0 0.412240 0.736111 0.017188 0.066667
0 0.259896 0.498611 0.034375 0.037963
0 0.222917 0.622685 0.037500 0.036111
0 0.223438 0.670833 0.037500 0.032407
0 0.410156 0.967130 0.017188 0.062037
0 0.699740 0.500926 0.039062 0.031481
0 0.761719 0.506481 0.036979 0.033333
0 0.814583 0.519907 0.034375 0.032407
0 0.757031 0.553704 0.039062 0.031481
0 0.707031 0.545833 0.034896 0.030556
0 0.771615 0.616204 0.032813 0.030556
0 0.900000 0.539352 0.041667 0.032407
0 0.854688 0.484722 0.037500 0.032407
0 0.901042 0.492130 0.035417 0.028704
0 0.957292 0.512037 0.036458 0.035185
0 0.969531 0.554167 0.044271 0.037963