0 0.447656 0.057870 0.017188 0.069444
0 0.412760 0.120833 0.017188 0.063889
0 0.424219 0.439815 0.016146 0.064815
0 0.365104 0.315278 0.016667 0.067593
0 0.138542 0.692593 0.038542 0.037037
0 0.028906 0.805093 0.034896 0.041667
0 0.116406 0.757870 0.035937 0.036111
0 0.215625 0.712037 0.039583 0.035185
0 0.437760 0.852778 0.022396 0.079630
0 0.485938 0.773611 0.019792 0.069444
0 0.519010 0.893981 0.018229 0.075000
0 0.474740 0.943519 0.020313 0.070370
0 0.703906 0.533333 0.035937 0.033333
0 0.844010 0.641667 0.038021 0.035185