0 0.064323 0.671759 0.049479 0.037963
0 0.194792 0.688889 0.046875 0.035185
0 0.281510 0.637963 0.043229 0.037037
0 0.284115 0.591204 0.042188 0.034259
0 0.425000 0.730556 0.040625 0.053704
0 0.743750 0.515278 0.046875 0.034259
0 0.728125 0.468056 0.043750 0.032407
0 0.809635 0.463889 0.041146 0.033333
0 0.872656 0.466667 0.047396 0.035185
0 0.806510 0.505093 0.042188 0.032407
0 0.864844 0.506019 0.042188 0.030556
0 0.917708 0.506019 0.040625 0.028704
0 0.917969 0.553704 0.043229 0.025926
0 0.974219 0.555556 0.043229 0.031481
0 0.969010 0.509259 0.045312 0.035185
0 0.953646 0.463889 0.043750 0.035185