0 0.110417 0.353241 0.030208 0.023148
0 0.189062 0.353241 0.031250 0.023148
0 0.332552 0.326389 0.029687 0.025000
0 0.096615 0.491667 0.035937 0.022222
0 0.225000 0.518056 0.033333 0.025000
0 0.331250 0.483333 0.028125 0.025926
0 0.326823 0.516204 0.033854 0.023148
0 0.425521 0.478241 0.031250 0.025000
0 0.450781 0.658333 0.019271 0.050000
0 0.513542 0.598148 0.014583 0.044444
0 0.444531 0.819907 0.013021 0.060185
0 0.534115 0.478241 0.032813 0.023148
0 0.626563 0.467593 0.028125 0.025926
0 0.706510 0.497685 0.028646 0.026852
0 0.566667 0.322685 0.032292 0.025000
0 0.658854 0.295833 0.029167 0.025000
0 0.704427 0.269907 0.029687 0.021296
0 0.701042 0.294444 0.030208 0.025926
0 0.908333 0.423148 0.028125 0.024074
0 0.839063 0.425463 0.030208 0.023148
0 0.852083 0.463889 0.031250 0.022222