0 0.245312 0.468056 0.047917 0.036111
0 0.272135 0.592593 0.044271 0.031481
0 0.276042 0.639815 0.042708 0.035185
0 0.353385 0.432407 0.046354 0.044444
0 0.501302 0.528704 0.020313 0.072222
0 0.402083 0.709259 0.043750 0.046296
0 0.515104 0.743519 0.023958 0.077778
0 0.751563 0.468981 0.046875 0.036111
0 0.754167 0.518056 0.046875 0.036111
0 0.810156 0.506019 0.043229 0.030556
0 0.812760 0.466667 0.043229 0.033333
0 0.876823 0.467593 0.047396 0.035185
0 0.865625 0.510185 0.042708 0.035185
0 0.918750 0.507870 0.041667 0.030556
0 0.919271 0.555556 0.043750 0.031481
0 0.954427 0.466667 0.045312 0.037037
0 0.969271 0.512037 0.046875 0.038889