0 0.096750 0.567556 0.042000 0.034667
0 0.124000 0.466889 0.035000 0.031556
0 0.365750 0.449778 0.033000 0.030222
0 0.447125 0.444000 0.033750 0.045333
0 0.541375 0.395778 0.017250 0.052000
0 0.545750 0.190889 0.015500 0.058222
0 0.655250 0.554000 0.034500 0.036000
0 0.725500 0.572889 0.031500 0.028444
0 0.417000 0.648667 0.036000 0.025333
0 0.337625 0.649778 0.037250 0.026667
0 0.316875 0.569778 0.033750 0.026667
0 0.602625 0.908667 0.021250 0.064444
0 0.738500 0.530667 0.031500 0.028444
0 0.777500 0.528667 0.035000 0.030667
0 0.736375 0.493778 0.030750 0.024000
0 0.776375 0.490000 0.033750 0.031556
0 0.816375 0.490000 0.034250 0.025333
0 0.859875 0.488667 0.037250 0.025333
0 0.901625 0.483556 0.036750 0.028444
0 0.739125 0.455778 0.033750 0.028000
0 0.781375 0.455778 0.034250 0.030667
0 0.825250 0.455778 0.038000 0.028000
0 0.864000 0.453556 0.035000 0.025333
0 0.951625 0.482000 0.040750 0.030667
0 0.917875 0.517778 0.033750 0.027556
0 0.961125 0.513556 0.036250 0.027111