0 0.169271 0.624537 0.043750 0.060185
0 0.024479 0.738889 0.045833 0.050000
0 0.208333 0.648611 0.040625 0.045370
0 0.259375 0.624537 0.048958 0.043519
0 0.225781 0.590278 0.042188 0.049074
0 0.290104 0.558796 0.046875 0.047222
0 0.504167 0.706019 0.028125 0.071296
0 0.584375 0.666204 0.027083 0.073148
0 0.553385 0.809722 0.019271 0.078704
0 0.527344 0.858796 0.019271 0.073148
0 0.864323 0.450463 0.043229 0.037963
0 0.787500 0.441667 0.046875 0.038889
0 0.791146 0.488889 0.040625 0.037037
0 0.321094 0.657870 0.041146 0.039815