0 0.580625 0.416667 0.014250 0.041333
0 0.564125 0.418889 0.013250 0.043111
0 0.575125 0.480889 0.013750 0.045333
0 0.553750 0.537778 0.015000 0.039111
0 0.574250 0.528000 0.013000 0.040000
0 0.572125 0.575556 0.014750 0.044444
0 0.550125 0.597778 0.017250 0.047111
0 0.567625 0.628667 0.014250 0.043111
0 0.546375 0.655778 0.014250 0.053778
0 0.565875 0.683556 0.014250 0.051556
0 0.584250 0.684889 0.015500 0.056889
0 0.539500 0.718667 0.016000 0.057778
0 0.561125 0.770889 0.015250 0.060000
0 0.583625 0.757778 0.014250 0.053333
0 0.536500 0.792000 0.016000 0.056889
0 0.556125 0.844000 0.015750 0.051556
0 0.581375 0.842889 0.017750 0.060889
0 0.533625 0.860889 0.015750 0.063111
0 0.640750 0.060667 0.010000 0.028889