0 0.464062 0.317593 0.015625 0.072222
0 0.490625 0.269444 0.016667 0.068519
0 0.535937 0.315278 0.019792 0.078704
0 0.572656 0.255556 0.019271 0.074074
0 0.491406 0.405556 0.019271 0.070370
0 0.288021 0.563426 0.043750 0.043519
0 0.164844 0.627778 0.044271 0.059259
0 0.221875 0.594444 0.040625 0.040741
0 0.206510 0.651389 0.038021 0.043519
0 0.257292 0.625926 0.045833 0.046296
0 0.404687 0.672222 0.044792 0.051852
0 0.544010 0.656019 0.019271 0.067593
0 0.553385 0.895370 0.019271 0.075926
0 0.527865 0.913426 0.017188 0.075000
0 0.502604 0.953241 0.019792 0.078704