0 0.041667 0.307870 0.036458 0.026852
0 0.137500 0.471759 0.034375 0.025000
0 0.175521 0.500463 0.034375 0.026852
0 0.275521 0.470833 0.031250 0.025000
0 0.317188 0.500926 0.034375 0.027778
0 0.359635 0.468056 0.031771 0.025000
0 0.395313 0.515278 0.034375 0.034259
0 0.444531 0.601389 0.020313 0.045370
0 0.441406 0.754167 0.015104 0.062037
0 0.488802 0.666204 0.014063 0.050926
0 0.490625 0.760185 0.014583 0.057407
0 0.495052 0.842593 0.014063 0.064815
0 0.498437 0.939815 0.018750 0.083333
0 0.547135 0.510648 0.027604 0.047222
0 0.526563 0.439352 0.031250 0.026852
0 0.492448 0.333333 0.026562 0.038889
0 0.867969 0.419444 0.027604 0.027778
0 0.825521 0.418519 0.031250 0.022222
0 0.811979 0.454630 0.031250 0.024074
0 0.697917 0.458796 0.035417 0.025000
0 0.721615 0.428704 0.026562 0.022222
0 0.813281 0.306019 0.029687 0.021296