0 0.389750 0.632000 0.038500 0.033778
0 0.244125 0.659778 0.044250 0.042222
0 0.126500 0.636667 0.046500 0.050222
0 0.094875 0.520889 0.043250 0.052444
0 0.099125 0.710889 0.043250 0.041333
0 0.265750 0.494000 0.035500 0.067111
0 0.306000 0.332000 0.023500 0.064000
0 0.259000 0.127778 0.019500 0.076000
0 0.234375 0.162889 0.017750 0.060889
0 0.311625 0.066889 0.021750 0.071556
0 0.522125 0.592000 0.036750 0.033778
0 0.540750 0.534889 0.038500 0.036889
0 0.545125 0.489778 0.040250 0.035556
0 0.611250 0.506667 0.038500 0.038222
0 0.693500 0.719778 0.041000 0.037778
0 0.716500 0.579778 0.038500 0.037778
0 0.639250 0.610000 0.039000 0.037778
0 0.582125 0.600889 0.039750 0.038222
0 0.588750 0.548667 0.044500 0.038667
0 0.664750 0.516667 0.041500 0.037778
0 0.811125 0.596667 0.040250 0.036889
0 0.891500 0.618889 0.044000 0.041333
0 0.965500 0.600889 0.045000 0.044444
0 0.972875 0.652667 0.043250 0.043111
0 0.854750 0.561556 0.041500 0.036889
0 0.258625 0.025778 0.020250 0.050667
0 0.642875 0.562889 0.042750 0.036000