0 0.223000 0.602889 0.045000 0.036889
0 0.293250 0.602667 0.047000 0.040000
0 0.280500 0.652889 0.044000 0.040889
0 0.213000 0.647556 0.041500 0.034667
0 0.701750 0.648889 0.044500 0.052444
0 0.472000 0.354000 0.022000 0.082222
0 0.498375 0.441778 0.020250 0.068444
0 0.536000 0.505556 0.020500 0.072444
0 0.522375 0.716667 0.019750 0.066222
0 0.629625 0.437778 0.046750 0.050667
0 0.623875 0.866667 0.024750 0.073778
0 0.542750 0.964667 0.022500 0.069778
0 0.854500 0.583556 0.041000 0.034667
0 0.766625 0.542889 0.040250 0.029778
0 0.757125 0.495778 0.042750 0.035111
0 0.808250 0.490889 0.038500 0.031556
0 0.883875 0.485556 0.043750 0.035111
0 0.945375 0.480000 0.046250 0.034667
0 0.926750 0.527778 0.044500 0.033333