0 0.077344 0.328241 0.032813 0.025000
0 0.129688 0.307407 0.031250 0.022222
0 0.293750 0.306019 0.028125 0.023148
0 0.382812 0.334722 0.023958 0.025000
0 0.451562 0.381481 0.021875 0.037037
0 0.425260 0.549537 0.014063 0.052778
0 0.383333 0.516667 0.031250 0.029630
0 0.367969 0.475926 0.031771 0.027778
0 0.324479 0.474537 0.032292 0.021296
0 0.274219 0.476852 0.031771 0.025926
0 0.228906 0.479630 0.033854 0.025926
0 0.186979 0.480556 0.032292 0.025926
0 0.204948 0.518056 0.033854 0.026852
0 0.257812 0.517593 0.034375 0.025926
0 0.303385 0.507870 0.031771 0.025000
0 0.347656 0.507870 0.030729 0.025000
0 0.842708 0.293981 0.031250 0.023148
0 0.842187 0.494907 0.028125 0.026852
0 0.489323 0.787963 0.015104 0.062963
0 0.489844 0.697222 0.015104 0.057407