0 0.209375 0.575463 0.041667 0.034259
0 0.265885 0.580556 0.042188 0.033333
0 0.262760 0.635185 0.043229 0.037037
0 0.503125 0.422685 0.018750 0.075000
0 0.507031 0.679630 0.026562 0.081481
0 0.530729 0.304630 0.019792 0.077778
0 0.628646 0.416204 0.037500 0.049074
0 0.502344 0.893519 0.028646 0.077778
0 0.754167 0.457870 0.040625 0.037963
0 0.752083 0.495833 0.040625 0.034259
0 0.814844 0.493519 0.041146 0.031481
0 0.813802 0.450926 0.042188 0.029630
0 0.884115 0.484722 0.045312 0.034259
0 0.761719 0.541204 0.042188 0.034259
0 0.940885 0.492593 0.044271 0.035185
0 0.630208 0.952315 0.021875 0.067593