0 0.467875 0.419778 0.030250 0.056444
0 0.533625 0.356889 0.017250 0.051556
0 0.560875 0.466667 0.020750 0.057778
0 0.537125 0.559778 0.017250 0.063556
0 0.556125 0.742889 0.020750 0.065333
0 0.601375 0.907778 0.021250 0.065333
0 0.313000 0.567778 0.035500 0.020000
0 0.514375 0.239778 0.017750 0.060000
0 0.527750 0.080000 0.019500 0.064000
0 0.557625 0.338889 0.015250 0.064444
0 0.583750 0.347778 0.019000 0.063556
0 0.733500 0.492000 0.029500 0.027556
0 0.737625 0.456000 0.034250 0.023111
0 0.778125 0.455556 0.032750 0.029333
0 0.822625 0.452889 0.033750 0.022222
0 0.861625 0.453556 0.036250 0.027111
0 0.735500 0.527556 0.032500 0.028444
0 0.777000 0.528667 0.035000 0.024444
0 0.739125 0.598889 0.036250 0.032444
0 0.856875 0.486667 0.034750 0.024000
0 0.812750 0.487778 0.035500 0.025333
0 0.774875 0.488667 0.034250 0.026222
0 0.899125 0.481778 0.036750 0.027556
0 0.948375 0.478667 0.039250 0.027556
0 0.914875 0.517556 0.031250 0.031556
0 0.959625 0.514667 0.035750 0.023111
0 0.017625 0.640889 0.034250 0.026667