0 0.170313 0.484259 0.033333 0.022222
0 0.248958 0.486111 0.037500 0.024074
0 0.207031 0.518056 0.033854 0.026852
0 0.351562 0.518519 0.031250 0.025926
0 0.323437 0.484722 0.033333 0.025000
0 0.408854 0.480556 0.031250 0.024074
0 0.357812 0.351389 0.030208 0.025000
0 0.509635 0.286111 0.031771 0.025926
0 0.495312 0.351389 0.026042 0.037963
0 0.486198 0.468056 0.027604 0.023148
0 0.432812 0.577315 0.028125 0.050926
0 0.518490 0.609722 0.017188 0.052778
0 0.542969 0.535185 0.025521 0.042593
0 0.453906 0.713889 0.017188 0.062963
0 0.491406 0.682407 0.014063 0.048148
0 0.492448 0.779630 0.014063 0.059259
0 0.496094 0.859722 0.014063 0.065741
0 0.498958 0.955093 0.018750 0.076852
0 0.871615 0.438889 0.026562 0.024074
0 0.827604 0.438889 0.030208 0.024074
0 0.780208 0.498148 0.031250 0.024074