0 0.532031 0.458333 0.023438 0.074074
0 0.730469 0.522685 0.042188 0.037963
0 0.748698 0.481019 0.041146 0.032407
0 0.575260 0.217593 0.020313 0.064815
0 0.450781 0.336111 0.032813 0.068519
0 0.388542 0.426852 0.044792 0.055556
0 0.263802 0.468056 0.041146 0.036111
0 0.223698 0.590278 0.046354 0.036111
0 0.289844 0.598148 0.045312 0.033333
0 0.090104 0.585185 0.053125 0.038889
0 0.163542 0.587037 0.040625 0.035185
0 0.158333 0.501852 0.053125 0.038889
0 0.482552 0.152778 0.020313 0.074074
0 0.754948 0.566667 0.044271 0.031481
0 0.792708 0.519444 0.043750 0.029630
0 0.848437 0.521296 0.045833 0.037037
0 0.739062 0.618056 0.038542 0.032407
0 0.906250 0.518519 0.043750 0.033333
0 0.975260 0.519907 0.046354 0.034259