0 0.068750 0.482407 0.035417 0.024074
0 0.170573 0.480556 0.029687 0.024074
0 0.215885 0.488426 0.032813 0.026852
0 0.134115 0.351852 0.029687 0.022222
0 0.309115 0.330556 0.029687 0.024074
0 0.489063 0.280556 0.026042 0.024074
0 0.750000 0.263889 0.028125 0.022222
0 0.703125 0.291667 0.031250 0.025926
0 0.662500 0.291667 0.028125 0.024074
0 0.609115 0.292593 0.026562 0.024074
0 0.568750 0.292593 0.029167 0.020370
0 0.568229 0.317130 0.031250 0.023148
0 0.656771 0.473148 0.031250 0.024074
0 0.743490 0.430093 0.029687 0.023148
0 0.900521 0.418056 0.031250 0.025000
0 0.852344 0.426389 0.028646 0.023148
0 0.314063 0.476389 0.028125 0.023148
0 0.366927 0.475926 0.032813 0.022222
0 0.400521 0.523611 0.031250 0.034259
0 0.448177 0.623611 0.020313 0.052778
0 0.505469 0.555556 0.015104 0.050000
0 0.458594 0.792130 0.016146 0.062037