0 0.103385 0.746296 0.043229 0.038889
0 0.145313 0.673611 0.045833 0.043519
0 0.591406 0.518519 0.040104 0.033333
0 0.488542 0.548611 0.037500 0.032407
0 0.787760 0.377315 0.043229 0.034259
0 0.789323 0.430556 0.047396 0.040741
0 0.780729 0.487963 0.040625 0.033333
0 0.831250 0.494444 0.040625 0.033333
0 0.844792 0.452778 0.042708 0.037037
0 0.885156 0.408796 0.050521 0.039815
0 0.899740 0.457407 0.042188 0.035185
0 0.832812 0.390278 0.037500 0.036111
0 0.941667 0.418056 0.042708 0.037963
0 0.959896 0.476389 0.046875 0.039815
0 0.526823 0.932870 0.018229 0.075000