0 0.040885 0.495370 0.049479 0.037037
0 0.197135 0.436111 0.046354 0.044444
0 0.340885 0.476852 0.042188 0.042593
0 0.436979 0.556481 0.043750 0.064815
0 0.268750 0.593981 0.043750 0.032407
0 0.274740 0.641204 0.042188 0.036111
0 0.487500 0.892593 0.029167 0.072222
0 0.605208 0.427778 0.040625 0.059259
0 0.751042 0.475926 0.045833 0.035185
0 0.751563 0.522222 0.045833 0.035185
0 0.807813 0.512963 0.042708 0.031481
0 0.832552 0.471296 0.042188 0.033333
0 0.862500 0.518056 0.043750 0.032407
0 0.930469 0.515278 0.042188 0.032407
0 0.485156 0.059259 0.021354 0.072222
0 0.516667 0.087500 0.021875 0.073148