0 0.018490 0.504630 0.035937 0.024074
0 0.136719 0.494907 0.035937 0.026852
0 0.338281 0.521296 0.032813 0.025926
0 0.351562 0.486111 0.031250 0.025926
0 0.436979 0.481019 0.031250 0.025000
0 0.556250 0.475463 0.031250 0.026852
0 0.526563 0.537963 0.023958 0.044444
0 0.425781 0.592593 0.023438 0.050000
0 0.454167 0.734722 0.016667 0.063889
0 0.482812 0.729167 0.016667 0.060185
0 0.486458 0.819444 0.015625 0.059259
0 0.492188 0.957407 0.015625 0.062963
0 0.903125 0.419444 0.029167 0.025926
0 0.843229 0.426852 0.030208 0.022222
0 0.747656 0.430556 0.031771 0.022222
0 0.682552 0.435185 0.035937 0.029630