0 0.021825 0.608140 0.019841 0.039535
0 0.086168 0.097674 0.009070 0.083721
0 0.447562 0.667442 0.018707 0.037209
0 0.832483 0.661628 0.023243 0.039535
0 0.882370 0.716279 0.022109 0.041860
0 0.199546 0.423256 0.020408 0.046512
0 0.862245 0.716279 0.011338 0.032558
0 0.208050 0.474419 0.019274 0.041860
0 0.202381 0.537209 0.019274 0.037209
0 0.241780 0.489535 0.016440 0.034884
0 0.233560 0.538372 0.022676 0.044186
0 0.110828 0.938372 0.009637 0.090698
0 0.270408 0.546512 0.021542 0.037209
0 0.299887 0.550000 0.017007 0.034884
0 0.272676 0.486047 0.022676 0.041860
0 0.301304 0.426744 0.022109 0.044186
0 0.357710 0.437209 0.020408 0.041860
0 0.395408 0.441860 0.024376 0.046512
0 0.419501 0.444186 0.014739 0.041860
0 0.449263 0.445349 0.019841 0.039535
0 0.492347 0.447674 0.022109 0.039535
0 0.687925 0.074419 0.009637 0.074419
0 0.765023 0.163953 0.018707 0.076744
0 0.681406 0.753488 0.018141 0.037209
0 0.702948 0.754651 0.019274 0.039535
0 0.727891 0.756977 0.015873 0.039535
0 0.758220 0.758140 0.023243 0.037209
0 0.784864 0.758140 0.020975 0.037209
0 0.806689 0.762791 0.017007 0.037209
0 0.937642 0.772093 0.017007 0.037209
0 0.959751 0.773256 0.015873 0.034884
0 0.984127 0.441860 0.019274 0.032558
0 0.961451 0.438372 0.020408 0.034884
0 0.935658 0.436047 0.019841 0.034884
0 0.910431 0.432558 0.017007 0.037209
0 0.886054 0.431395 0.022676 0.039535
0 0.857426 0.431395 0.017574 0.034884
0 0.828798 0.425581 0.019274 0.037209
0 0.763039 0.420930 0.018141 0.032558
0 0.622449 0.416279 0.019274 0.032558
0 0.602891 0.417442 0.016440 0.034884
0 0.580215 0.413953 0.020975 0.041860
0 0.554989 0.408140 0.019274 0.034884
0 0.533447 0.403488 0.012472 0.034884
0 0.511621 0.400000 0.016440 0.032558
0 0.487528 0.400000 0.020408 0.037209
0 0.459751 0.396512 0.019274 0.034884
0 0.435374 0.394186 0.018141 0.034884
0 0.412415 0.394186 0.016440 0.034884
0 0.389172 0.391860 0.016440 0.034884
0 0.365930 0.389535 0.018707 0.034884
0 0.342687 0.383721 0.015306 0.032558
0 0.320295 0.383721 0.018141 0.032558
0 0.679138 0.658140 0.017007 0.037209