0 0.018424 0.631395 0.019841 0.044186
0 0.364229 0.823256 0.010771 0.079070
0 0.442744 0.694186 0.022676 0.044186
0 0.537698 0.743023 0.022109 0.048837
0 0.201531 0.458140 0.022109 0.046512
0 0.517007 0.744186 0.011338 0.032558
0 0.209467 0.517442 0.018707 0.044186
0 0.206066 0.572093 0.019841 0.046512
0 0.243197 0.532558 0.017007 0.041860
0 0.235828 0.579070 0.022676 0.055814
0 0.111678 0.958140 0.009070 0.079070
0 0.270692 0.591860 0.020975 0.044186
0 0.301020 0.595349 0.018141 0.041860
0 0.273526 0.531395 0.022109 0.044186
0 0.302154 0.473256 0.021542 0.053488
0 0.357993 0.490698 0.020975 0.041860
0 0.395975 0.491860 0.023243 0.048837
0 0.420068 0.498837 0.014739 0.034884
0 0.449546 0.501163 0.020408 0.039535
0 0.492630 0.505814 0.021542 0.044186
0 0.689626 0.155814 0.008503 0.065116
0 0.766156 0.233721 0.018707 0.076744
0 0.682823 0.801163 0.017574 0.044186
0 0.703515 0.801163 0.019274 0.039535
0 0.728458 0.804651 0.015873 0.041860
0 0.758787 0.804651 0.023243 0.041860
0 0.785431 0.811628 0.020975 0.041860
0 0.807823 0.815116 0.017007 0.039535
0 0.936508 0.831395 0.020408 0.039535
0 0.984694 0.513953 0.018141 0.041860
0 0.962585 0.508140 0.020408 0.044186
0 0.936508 0.505814 0.019274 0.039535
0 0.911565 0.501163 0.017007 0.039535
0 0.887188 0.497674 0.021542 0.051163
0 0.858560 0.494186 0.017574 0.039535
0 0.829932 0.493023 0.020408 0.041860
0 0.764456 0.482558 0.018707 0.044186
0 0.623299 0.476744 0.018707 0.041860
0 0.604308 0.476744 0.015873 0.041860
0 0.581349 0.468605 0.020975 0.048837
0 0.555272 0.472093 0.020975 0.041860
0 0.534297 0.466279 0.013039 0.044186
0 0.512472 0.461628 0.017007 0.034884
0 0.488662 0.459302 0.020408 0.044186
0 0.460601 0.454651 0.019841 0.039535
0 0.435941 0.450000 0.018141 0.039535
0 0.413549 0.446512 0.017574 0.041860
0 0.388889 0.444186 0.015873 0.041860
0 0.366780 0.440698 0.018141 0.039535
0 0.343537 0.436047 0.015873 0.039535
0 0.321145 0.431395 0.017574 0.039535
0 0.343537 0.702326 0.018141 0.041860