0 0.018141 0.622093 0.019274 0.044186
0 0.367630 0.765116 0.014172 0.083721
0 0.523526 0.680233 0.023243 0.044186
0 0.614796 0.732558 0.022109 0.041860
0 0.200964 0.446512 0.020975 0.046512
0 0.594104 0.734884 0.012472 0.032558
0 0.209751 0.502326 0.019274 0.046512
0 0.206066 0.559302 0.019841 0.039535
0 0.242914 0.517442 0.017574 0.039535
0 0.234977 0.565116 0.023243 0.051163
0 0.111395 0.953488 0.009637 0.088372
0 0.270692 0.577907 0.020975 0.039535
0 0.300737 0.581395 0.017574 0.041860
0 0.273526 0.516279 0.023243 0.041860
0 0.301871 0.456977 0.022109 0.053488
0 0.358560 0.473256 0.020975 0.044186
0 0.395692 0.475581 0.022676 0.048837
0 0.420351 0.483721 0.015306 0.037209
0 0.449546 0.484884 0.020408 0.039535
0 0.492914 0.489535 0.022109 0.039535
0 0.689342 0.132558 0.009070 0.069767
0 0.766723 0.211628 0.018707 0.079070
0 0.682256 0.784884 0.017574 0.039535
0 0.703798 0.786047 0.018707 0.037209
0 0.728741 0.787209 0.017574 0.044186
0 0.759070 0.787209 0.022676 0.044186
0 0.785714 0.794186 0.020408 0.034884
0 0.807540 0.797674 0.017574 0.037209
0 0.937925 0.811628 0.017574 0.037209
0 0.984977 0.490698 0.017574 0.037209
0 0.962868 0.487209 0.019841 0.039535
0 0.936224 0.483721 0.019841 0.037209
0 0.911565 0.480233 0.017007 0.039535
0 0.887188 0.475581 0.021542 0.048837
0 0.858560 0.474419 0.017574 0.037209
0 0.829932 0.469767 0.020408 0.037209
0 0.764172 0.463953 0.018141 0.039535
0 0.623016 0.458140 0.019274 0.037209
0 0.604025 0.456977 0.016440 0.039535
0 0.581349 0.451163 0.020975 0.046512
0 0.554989 0.452326 0.020408 0.034884
0 0.534297 0.448837 0.013039 0.037209
0 0.512472 0.444186 0.017007 0.037209
0 0.488095 0.440698 0.020408 0.039535
0 0.460317 0.434884 0.019274 0.037209
0 0.435941 0.433721 0.018141 0.039535
0 0.413549 0.430233 0.017574 0.037209
0 0.389172 0.427907 0.016440 0.041860
0 0.366213 0.424419 0.018141 0.039535
0 0.343537 0.418605 0.015873 0.041860
0 0.321429 0.415116 0.017007 0.039535
0 0.412982 0.686047 0.017574 0.037209