0 0.019558 0.632558 0.019841 0.046512
0 0.364512 0.911628 0.013605 0.074419
0 0.274660 0.706977 0.024376 0.051163
0 0.374150 0.755814 0.022676 0.055814
0 0.202664 0.469767 0.023243 0.046512
0 0.353458 0.758140 0.013039 0.041860
0 0.211168 0.526744 0.018707 0.048837
0 0.207483 0.583721 0.019274 0.051163
0 0.244898 0.543023 0.015873 0.044186
0 0.237528 0.590698 0.023810 0.060465
0 0.272392 0.603488 0.020975 0.048837
0 0.301871 0.613953 0.017574 0.041860
0 0.275227 0.545349 0.023243 0.044186
0 0.304138 0.486047 0.020975 0.055814
0 0.359410 0.506977 0.020408 0.046512
0 0.397109 0.510465 0.022109 0.053488
0 0.421485 0.513953 0.015306 0.041860
0 0.451531 0.519767 0.020975 0.044186
0 0.494615 0.525581 0.022109 0.046512
0 0.691610 0.187209 0.009070 0.067442
0 0.767290 0.262791 0.017574 0.079070
0 0.683673 0.816279 0.018141 0.046512
0 0.704649 0.818605 0.018141 0.041860
0 0.729875 0.820930 0.016440 0.041860
0 0.760488 0.820930 0.022109 0.046512
0 0.786848 0.827907 0.020408 0.041860
0 0.808957 0.834884 0.017007 0.041860
0 0.986395 0.539535 0.018141 0.046512
0 0.964002 0.534884 0.019841 0.046512
0 0.937358 0.531395 0.019841 0.044186
0 0.912982 0.527907 0.016440 0.046512
0 0.888322 0.520930 0.021542 0.055814
0 0.859977 0.520930 0.017007 0.041860
0 0.831349 0.517442 0.019841 0.044186
0 0.765590 0.505814 0.018707 0.044186
0 0.624717 0.498837 0.019274 0.039535
0 0.605159 0.498837 0.016440 0.044186
0 0.582766 0.490698 0.020408 0.055814
0 0.556973 0.495349 0.019841 0.037209
0 0.535714 0.486047 0.013605 0.041860
0 0.514456 0.483721 0.016440 0.041860
0 0.489796 0.479070 0.020408 0.046512
0 0.462018 0.472093 0.019274 0.041860
0 0.437925 0.470930 0.018707 0.039535
0 0.414683 0.465116 0.017574 0.041860
0 0.390873 0.460465 0.015306 0.041860
0 0.368197 0.455814 0.017574 0.041860
0 0.345238 0.452326 0.015873 0.044186
0 0.322846 0.445349 0.017574 0.044186
0 0.199263 0.695349 0.017574 0.051163