0 0.019558 0.625581 0.018707 0.046512
0 0.364229 0.893023 0.013039 0.083721
0 0.297052 0.701163 0.023810 0.048837
0 0.395692 0.744186 0.021542 0.055814
0 0.202948 0.461628 0.022676 0.048837
0 0.375567 0.748837 0.014172 0.041860
0 0.210884 0.518605 0.018141 0.046512
0 0.207483 0.574419 0.019274 0.051163
0 0.244615 0.534884 0.016440 0.041860
0 0.237812 0.582558 0.023243 0.053488
0 0.113379 0.958140 0.009070 0.079070
0 0.271825 0.594186 0.020975 0.048837
0 0.301871 0.602326 0.017574 0.041860
0 0.274943 0.537209 0.023810 0.046512
0 0.303855 0.479070 0.021542 0.060465
0 0.359410 0.498837 0.020408 0.044186
0 0.397109 0.502326 0.023243 0.055814
0 0.421485 0.508140 0.014172 0.039535
0 0.451247 0.510465 0.020408 0.044186
0 0.494048 0.517442 0.023243 0.048837
0 0.691327 0.176744 0.008503 0.065116
0 0.767290 0.252326 0.018707 0.076744
0 0.683390 0.809302 0.017574 0.041860
0 0.704649 0.810465 0.018141 0.039535
0 0.729875 0.811628 0.016440 0.041860
0 0.760204 0.813953 0.022676 0.046512
0 0.786848 0.819767 0.020408 0.044186
0 0.808957 0.824419 0.017007 0.044186
0 0.986111 0.531395 0.017574 0.044186
0 0.963719 0.526744 0.020408 0.044186
0 0.937925 0.522093 0.019841 0.044186
0 0.913265 0.518605 0.017007 0.046512
0 0.888039 0.511628 0.022109 0.055814
0 0.859410 0.510465 0.018141 0.044186
0 0.831633 0.509302 0.019274 0.041860
0 0.765590 0.496512 0.018707 0.044186
0 0.624717 0.489535 0.019274 0.039535
0 0.605442 0.488372 0.015873 0.041860
0 0.582483 0.482558 0.020975 0.053488
0 0.556689 0.483721 0.020408 0.041860
0 0.535998 0.477907 0.013039 0.039535
0 0.514172 0.474419 0.015873 0.037209
0 0.489796 0.468605 0.020408 0.044186
0 0.461735 0.463953 0.018707 0.048837
0 0.437642 0.460465 0.018141 0.046512
0 0.414683 0.455814 0.017574 0.046512
0 0.391156 0.452326 0.015873 0.044186
0 0.367914 0.446512 0.018141 0.041860
0 0.344955 0.443023 0.014172 0.039535
0 0.322846 0.438372 0.017574 0.039535
0 0.217120 0.693023 0.018141 0.051163