0 0.018424 0.620930 0.019841 0.046512
0 0.365930 0.784884 0.011905 0.081395
0 0.496032 0.681395 0.023810 0.041860
0 0.588719 0.734884 0.022109 0.041860
0 0.201247 0.446512 0.021542 0.051163
0 0.568311 0.733721 0.011905 0.034884
0 0.210034 0.503488 0.018707 0.048837
0 0.205782 0.559302 0.019274 0.039535
0 0.243197 0.516279 0.017007 0.037209
0 0.235544 0.565116 0.023243 0.051163
0 0.111395 0.952326 0.009637 0.090698
0 0.270692 0.577907 0.020975 0.039535
0 0.300737 0.581395 0.018707 0.041860
0 0.273526 0.516279 0.023243 0.046512
0 0.302154 0.458140 0.021542 0.051163
0 0.358560 0.474419 0.022109 0.041860
0 0.396259 0.476744 0.022676 0.051163
0 0.420068 0.484884 0.014739 0.039535
0 0.449546 0.484884 0.020408 0.039535
0 0.492630 0.490698 0.021542 0.041860
0 0.689626 0.134884 0.009637 0.069767
0 0.766723 0.215116 0.018707 0.076744
0 0.682256 0.786047 0.017574 0.041860
0 0.703515 0.788372 0.018141 0.037209
0 0.728741 0.789535 0.016440 0.044186
0 0.759070 0.790698 0.022676 0.041860
0 0.785431 0.794186 0.020975 0.039535
0 0.807540 0.801163 0.017574 0.039535
0 0.938209 0.813953 0.018141 0.037209
0 0.985261 0.493023 0.018141 0.037209
0 0.962302 0.489535 0.019841 0.039535
0 0.935941 0.487209 0.019274 0.039535
0 0.911565 0.483721 0.017007 0.037209
0 0.886905 0.479070 0.022109 0.046512
0 0.858277 0.476744 0.018141 0.037209
0 0.830215 0.474419 0.019841 0.041860
0 0.763889 0.463953 0.018707 0.039535
0 0.623583 0.460465 0.020408 0.037209
0 0.604025 0.459302 0.016440 0.039535
0 0.581633 0.453488 0.021542 0.051163
0 0.555272 0.455814 0.020975 0.037209
0 0.533730 0.450000 0.011905 0.039535
0 0.512472 0.446512 0.017007 0.037209
0 0.488095 0.443023 0.020408 0.044186
0 0.460601 0.438372 0.019841 0.039535
0 0.436224 0.436047 0.019841 0.039535
0 0.413265 0.430233 0.017007 0.041860
0 0.388889 0.429070 0.015873 0.039535
0 0.366497 0.425581 0.018707 0.037209
0 0.343537 0.419767 0.015873 0.039535
0 0.321145 0.415116 0.016440 0.039535
0 0.389172 0.687209 0.017574 0.039535