0 0.017857 0.616279 0.019841 0.041860
0 0.086451 0.061628 0.009637 0.090698
0 0.383220 0.702326 0.019274 0.065116
0 0.609410 0.674419 0.023810 0.041860
0 0.695295 0.725581 0.022109 0.041860
0 0.201531 0.438372 0.022109 0.048837
0 0.674887 0.725581 0.011905 0.032558
0 0.209467 0.493023 0.018707 0.051163
0 0.205499 0.552326 0.019841 0.039535
0 0.242347 0.508140 0.016440 0.039535
0 0.236111 0.556977 0.023243 0.048837
0 0.111111 0.947674 0.009070 0.090698
0 0.270692 0.566279 0.020975 0.039535
0 0.300454 0.570930 0.018141 0.039535
0 0.273526 0.505814 0.024376 0.044186
0 0.302154 0.447674 0.021542 0.048837
0 0.358277 0.461628 0.020408 0.039535
0 0.395408 0.461628 0.023243 0.048837
0 0.420068 0.469767 0.015873 0.037209
0 0.449830 0.473256 0.019841 0.039535
0 0.492630 0.475581 0.021542 0.039535
0 0.689626 0.112791 0.009637 0.072093
0 0.765873 0.194186 0.018141 0.072093
0 0.682540 0.773256 0.017007 0.039535
0 0.703515 0.774419 0.018141 0.037209
0 0.728741 0.776744 0.016440 0.041860
0 0.758787 0.775581 0.022109 0.039535
0 0.785714 0.780233 0.020408 0.039535
0 0.807540 0.784884 0.017574 0.034884
0 0.938492 0.797674 0.017574 0.041860
0 0.985261 0.474419 0.018141 0.037209
0 0.962585 0.469767 0.020408 0.032558
0 0.936224 0.468605 0.019841 0.034884
0 0.911565 0.463953 0.017007 0.034884
0 0.886905 0.459302 0.020975 0.048837
0 0.858560 0.458140 0.017574 0.037209
0 0.829649 0.455814 0.020975 0.037209
0 0.763889 0.448837 0.018707 0.037209
0 0.622732 0.441860 0.018707 0.037209
0 0.603741 0.441860 0.017007 0.037209
0 0.581349 0.438372 0.020975 0.044186
0 0.555272 0.439535 0.020975 0.037209
0 0.533730 0.434884 0.013039 0.037209
0 0.512472 0.431395 0.017007 0.034884
0 0.488095 0.427907 0.020408 0.037209
0 0.460317 0.424419 0.019274 0.034884
0 0.436224 0.422093 0.019841 0.034884
0 0.413549 0.417442 0.017574 0.039535
0 0.389456 0.415116 0.015873 0.039535
0 0.366213 0.410465 0.018141 0.039535
0 0.343537 0.406977 0.015873 0.037209
0 0.321145 0.403488 0.017574 0.039535
0 0.488095 0.673256 0.017007 0.039535