0 0.016723 0.610465 0.019841 0.039535
0 0.085601 0.091860 0.009070 0.086047
0 0.405896 0.679070 0.019274 0.037209
0 0.700397 0.662791 0.023243 0.037209
0 0.774943 0.718605 0.021542 0.041860
0 0.200680 0.427907 0.021542 0.051163
0 0.753968 0.718605 0.011338 0.032558
0 0.208333 0.483721 0.018707 0.041860
0 0.204365 0.545349 0.019841 0.034884
0 0.242063 0.497674 0.017007 0.037209
0 0.234694 0.548837 0.022676 0.041860
0 0.110261 0.943023 0.009637 0.090698
0 0.269841 0.555814 0.020408 0.037209
0 0.299603 0.560465 0.017574 0.037209
0 0.272959 0.495349 0.024376 0.041860
0 0.300737 0.437209 0.022109 0.046512
0 0.357143 0.450000 0.021542 0.044186
0 0.394558 0.453488 0.022676 0.046512
0 0.419218 0.458140 0.014172 0.041860
0 0.448696 0.459302 0.019841 0.039535
0 0.491497 0.463953 0.021542 0.044186
0 0.688492 0.094186 0.009637 0.076744
0 0.765023 0.179070 0.018707 0.079070
0 0.681406 0.762791 0.018141 0.037209
0 0.702664 0.762791 0.017574 0.032558
0 0.727608 0.763953 0.016440 0.039535
0 0.757937 0.763953 0.022676 0.039535
0 0.784864 0.769767 0.019841 0.037209
0 0.806689 0.773256 0.017007 0.034884
0 0.937642 0.783721 0.017007 0.041860
0 0.983844 0.458140 0.018707 0.037209
0 0.961451 0.454651 0.020408 0.034884
0 0.935374 0.450000 0.019274 0.034884
0 0.910998 0.446512 0.017007 0.037209
0 0.886338 0.445349 0.022109 0.044186
0 0.857143 0.443023 0.017007 0.034884
0 0.829082 0.438372 0.019841 0.039535
0 0.762755 0.433721 0.018707 0.034884
0 0.622449 0.427907 0.019274 0.032558
0 0.603175 0.430233 0.017007 0.037209
0 0.580215 0.424419 0.020975 0.044186
0 0.554138 0.424419 0.019841 0.034884
0 0.533163 0.420930 0.013039 0.032558
0 0.511338 0.417442 0.017007 0.034884
0 0.486961 0.416279 0.020408 0.037209
0 0.458900 0.412791 0.019841 0.034884
0 0.434807 0.408140 0.018141 0.034884
0 0.412415 0.406977 0.017574 0.037209
0 0.388322 0.404651 0.015873 0.037209
0 0.365646 0.401163 0.018141 0.034884
0 0.342404 0.396512 0.015873 0.034884
0 0.320011 0.394186 0.018707 0.034884
0 0.568027 0.663953 0.017007 0.039535