0 0.020408 0.636047 0.019274 0.044186
0 0.253968 0.711628 0.023810 0.051163
0 0.203798 0.475581 0.023243 0.044186
0 0.331066 0.761628 0.013605 0.044186
0 0.212018 0.531395 0.019274 0.048837
0 0.208900 0.589535 0.019841 0.053488
0 0.246032 0.550000 0.018141 0.044186
0 0.238946 0.596512 0.024376 0.058140
0 0.272959 0.609302 0.020975 0.051163
0 0.302721 0.618605 0.017007 0.041860
0 0.275794 0.551163 0.023243 0.046512
0 0.360828 0.515116 0.019841 0.044186
0 0.397959 0.517442 0.022676 0.053488
0 0.422619 0.522093 0.015306 0.039535
0 0.451814 0.527907 0.019274 0.046512
0 0.495181 0.532558 0.022109 0.046512
0 0.691893 0.195349 0.008503 0.065116
0 0.768424 0.270930 0.018707 0.076744
0 0.683957 0.823256 0.017574 0.041860
0 0.705215 0.825581 0.018141 0.041860
0 0.730159 0.829070 0.017007 0.039535
0 0.760488 0.829070 0.022109 0.044186
0 0.787415 0.836047 0.020408 0.039535
0 0.809524 0.841860 0.017007 0.041860
0 0.986678 0.550000 0.017574 0.044186
0 0.964286 0.545349 0.020408 0.044186
0 0.938209 0.540698 0.019274 0.039535
0 0.913549 0.536047 0.016440 0.044186
0 0.888889 0.529070 0.021542 0.053488
0 0.859977 0.529070 0.017007 0.044186
0 0.831916 0.525581 0.019841 0.041860
0 0.766156 0.515116 0.018707 0.044186
0 0.625850 0.506977 0.019274 0.041860
0 0.606293 0.505814 0.016440 0.039535
0 0.583617 0.498837 0.020975 0.053488
0 0.557823 0.502326 0.020408 0.041860
0 0.536848 0.495349 0.012472 0.037209
0 0.515023 0.490698 0.016440 0.037209
0 0.490079 0.486047 0.019841 0.046512
0 0.462302 0.479070 0.019841 0.041860
0 0.437925 0.474419 0.018707 0.041860
0 0.415533 0.473256 0.017007 0.039535
0 0.391723 0.469767 0.017007 0.041860
0 0.368764 0.462791 0.017574 0.041860
0 0.345805 0.456977 0.014739 0.044186
0 0.323696 0.452326 0.017007 0.044186
0 0.182256 0.693023 0.018707 0.055814