0 0.018424 0.618605 0.019841 0.041860
0 0.086735 0.090698 0.009070 0.088372
0 0.398243 0.689535 0.018707 0.044186
0 0.670351 0.672093 0.023243 0.037209
0 0.749717 0.727907 0.022109 0.041860
0 0.201531 0.438372 0.022109 0.048837
0 0.728741 0.725581 0.011905 0.032558
0 0.209751 0.491860 0.019274 0.044186
0 0.206066 0.552326 0.019841 0.039535
0 0.242914 0.506977 0.016440 0.037209
0 0.235544 0.556977 0.022109 0.044186
0 0.111395 0.950000 0.009637 0.090698
0 0.270975 0.565116 0.021542 0.037209
0 0.300737 0.569767 0.017574 0.037209
0 0.273243 0.506977 0.022676 0.041860
0 0.302154 0.446512 0.021542 0.046512
0 0.358277 0.460465 0.020408 0.041860
0 0.396259 0.461628 0.022676 0.048837
0 0.420351 0.468605 0.015306 0.039535
0 0.450113 0.468605 0.020408 0.039535
0 0.493197 0.472093 0.021542 0.041860
0 0.689342 0.105814 0.010204 0.072093
0 0.766156 0.190698 0.018707 0.079070
0 0.682540 0.770930 0.018141 0.039535
0 0.704082 0.772093 0.018141 0.037209
0 0.728741 0.774419 0.016440 0.037209
0 0.759354 0.773256 0.023243 0.039535
0 0.785714 0.777907 0.020408 0.039535
0 0.808107 0.781395 0.017574 0.037209
0 0.938492 0.793023 0.017574 0.041860
0 0.984694 0.468605 0.018141 0.039535
0 0.962868 0.466279 0.019841 0.034884
0 0.936224 0.461628 0.018707 0.034884
0 0.911848 0.456977 0.016440 0.034884
0 0.887188 0.454651 0.021542 0.044186
0 0.858560 0.453488 0.016440 0.037209
0 0.830215 0.450000 0.019841 0.039535
0 0.763889 0.444186 0.018707 0.037209
0 0.623299 0.437209 0.018707 0.032558
0 0.604025 0.438372 0.016440 0.034884
0 0.581633 0.436047 0.020408 0.044186
0 0.555839 0.434884 0.019841 0.037209
0 0.534014 0.429070 0.012472 0.034884
0 0.512472 0.426744 0.017007 0.034884
0 0.488095 0.426744 0.020408 0.034884
0 0.460317 0.422093 0.019274 0.034884
0 0.435941 0.418605 0.019274 0.037209
0 0.413549 0.416279 0.017574 0.037209
0 0.389739 0.413953 0.016440 0.041860
0 0.366497 0.410465 0.018707 0.039535
0 0.343254 0.405814 0.015306 0.034884
0 0.321429 0.402326 0.018141 0.037209
0 0.542234 0.672093 0.017574 0.041860