0 0.017857 0.620930 0.019841 0.046512
0 0.363662 0.822093 0.010771 0.081395
0 0.416383 0.684884 0.023243 0.044186
0 0.512755 0.731395 0.022109 0.048837
0 0.200964 0.450000 0.022109 0.048837
0 0.492063 0.731395 0.012472 0.039535
0 0.209751 0.506977 0.019274 0.041860
0 0.205782 0.561628 0.019274 0.044186
0 0.243197 0.520930 0.017007 0.041860
0 0.235828 0.569767 0.022676 0.055814
0 0.111395 0.953488 0.009637 0.088372
0 0.270408 0.581395 0.021542 0.041860
0 0.300454 0.587209 0.017007 0.039535
0 0.273243 0.520930 0.023810 0.046512
0 0.302154 0.462791 0.021542 0.055814
0 0.357710 0.480233 0.021542 0.044186
0 0.395975 0.482558 0.023243 0.053488
0 0.419785 0.490698 0.015306 0.041860
0 0.449263 0.493023 0.019841 0.041860
0 0.492630 0.498837 0.021542 0.044186
0 0.689626 0.148837 0.008503 0.065116
0 0.766440 0.227907 0.018141 0.074419
0 0.682256 0.791860 0.017574 0.039535
0 0.703231 0.791860 0.018707 0.039535
0 0.728458 0.795349 0.015873 0.041860
0 0.758787 0.796512 0.022109 0.044186
0 0.785714 0.801163 0.021542 0.044186
0 0.807823 0.806977 0.017007 0.037209
0 0.935658 0.820930 0.020975 0.037209
0 0.984410 0.504651 0.018707 0.041860
0 0.962585 0.500000 0.020408 0.041860
0 0.935941 0.497674 0.019274 0.041860
0 0.911565 0.494186 0.017007 0.039535
0 0.886905 0.488372 0.022109 0.051163
0 0.858277 0.486047 0.017007 0.041860
0 0.829932 0.483721 0.020408 0.041860
0 0.763605 0.475581 0.019274 0.044186
0 0.623016 0.468605 0.018141 0.039535
0 0.604308 0.467442 0.015873 0.041860
0 0.581349 0.461628 0.020975 0.053488
0 0.555272 0.465116 0.019841 0.037209
0 0.534297 0.458140 0.013039 0.037209
0 0.512472 0.453488 0.017007 0.037209
0 0.488379 0.448837 0.020975 0.046512
0 0.460317 0.445349 0.019274 0.039535
0 0.435658 0.441860 0.018707 0.041860
0 0.413265 0.437209 0.018141 0.041860
0 0.388889 0.433721 0.015873 0.044186
0 0.365930 0.431395 0.017574 0.039535
0 0.343821 0.426744 0.015306 0.044186
0 0.321429 0.420930 0.017007 0.041860
0 0.321145 0.690698 0.017574 0.041860