0 0.018424 0.620930 0.019841 0.041860
0 0.086168 0.047674 0.010204 0.090698
0 0.376417 0.722093 0.018141 0.072093
0 0.580215 0.680233 0.023243 0.039535
0 0.668651 0.729070 0.022109 0.039535
0 0.201814 0.444186 0.021542 0.046512
0 0.647676 0.730233 0.011905 0.032558
0 0.210034 0.498837 0.019841 0.044186
0 0.205782 0.556977 0.019274 0.039535
0 0.243197 0.512791 0.015873 0.039535
0 0.235828 0.562791 0.022676 0.046512
0 0.111395 0.952326 0.009637 0.086047
0 0.271259 0.572093 0.020975 0.037209
0 0.300737 0.574419 0.017574 0.041860
0 0.274376 0.512791 0.023810 0.044186
0 0.302154 0.452326 0.021542 0.048837
0 0.359127 0.468605 0.020975 0.044186
0 0.396542 0.469767 0.023243 0.051163
0 0.420635 0.476744 0.015873 0.037209
0 0.450113 0.477907 0.020408 0.039535
0 0.492630 0.482558 0.021542 0.044186
0 0.689626 0.122093 0.009637 0.072093
0 0.766156 0.204651 0.017574 0.074419
0 0.682823 0.780233 0.017574 0.039535
0 0.704082 0.781395 0.018141 0.037209
0 0.729025 0.781395 0.017007 0.041860
0 0.759637 0.782558 0.022676 0.039535
0 0.785998 0.788372 0.020975 0.037209
0 0.807823 0.791860 0.018141 0.039535
0 0.938776 0.805814 0.018141 0.039535
0 0.985261 0.483721 0.018141 0.037209
0 0.963152 0.480233 0.020408 0.034884
0 0.936508 0.476744 0.019274 0.037209
0 0.911848 0.472093 0.017574 0.037209
0 0.887755 0.468605 0.021542 0.048837
0 0.858560 0.467442 0.017574 0.037209
0 0.830499 0.462791 0.020408 0.037209
0 0.763889 0.454651 0.018707 0.039535
0 0.623299 0.450000 0.018707 0.034884
0 0.604308 0.451163 0.015873 0.037209
0 0.581633 0.444186 0.021542 0.046512
0 0.555556 0.446512 0.020408 0.037209
0 0.534297 0.441860 0.013039 0.037209
0 0.513039 0.437209 0.017007 0.037209
0 0.488662 0.434884 0.020408 0.041860
0 0.460601 0.431395 0.018707 0.034884
0 0.436224 0.427907 0.018707 0.037209
0 0.413832 0.425581 0.017007 0.037209
0 0.389456 0.422093 0.015873 0.039535
0 0.366780 0.419767 0.018141 0.039535
0 0.343821 0.415116 0.015306 0.039535
0 0.321995 0.410465 0.017007 0.039535
0 0.462868 0.679070 0.016440 0.037209