0 0.016440 0.613953 0.019274 0.041860
0 0.085317 0.098837 0.008503 0.086047
0 0.415249 0.679070 0.018707 0.037209
0 0.732143 0.666279 0.022109 0.039535
0 0.801020 0.720930 0.021542 0.041860
0 0.199263 0.432558 0.019841 0.046512
0 0.780896 0.720930 0.011905 0.032558
0 0.207766 0.486047 0.018707 0.041860
0 0.204365 0.546512 0.019841 0.037209
0 0.241780 0.498837 0.016440 0.034884
0 0.233844 0.551163 0.020975 0.041860
0 0.109977 0.945349 0.009070 0.090698
0 0.269558 0.558140 0.020975 0.037209
0 0.299320 0.561628 0.017007 0.034884
0 0.272109 0.498837 0.023810 0.044186
0 0.300454 0.436047 0.020408 0.044186
0 0.356293 0.451163 0.020975 0.041860
0 0.394558 0.455814 0.022676 0.046512
0 0.418367 0.459302 0.014739 0.039535
0 0.448696 0.460465 0.019841 0.037209
0 0.491497 0.462791 0.021542 0.041860
0 0.687925 0.090698 0.009637 0.074419
0 0.764739 0.177907 0.018141 0.076744
0 0.680839 0.762791 0.018141 0.037209
0 0.702098 0.762791 0.018707 0.037209
0 0.727324 0.765116 0.015873 0.037209
0 0.757370 0.763953 0.022676 0.034884
0 0.784580 0.767442 0.020408 0.037209
0 0.806406 0.773256 0.017574 0.039535
0 0.936791 0.782558 0.018707 0.039535
0 0.959751 0.784884 0.015873 0.034884
0 0.983560 0.455814 0.019274 0.037209
0 0.961168 0.452326 0.019841 0.034884
0 0.935374 0.450000 0.019274 0.034884
0 0.910431 0.445349 0.015873 0.034884
0 0.885771 0.444186 0.020975 0.041860
0 0.856859 0.441860 0.016440 0.037209
0 0.828798 0.437209 0.019274 0.037209
0 0.762188 0.432558 0.018707 0.032558
0 0.622449 0.427907 0.019274 0.032558
0 0.602891 0.429070 0.016440 0.034884
0 0.579932 0.425581 0.021542 0.041860
0 0.554138 0.425581 0.019841 0.037209
0 0.532880 0.419767 0.012472 0.034884
0 0.511338 0.416279 0.017007 0.037209
0 0.486395 0.416279 0.020408 0.037209
0 0.459184 0.412791 0.020408 0.034884
0 0.434524 0.408140 0.018707 0.034884
0 0.412132 0.408140 0.017007 0.034884
0 0.388322 0.403488 0.015873 0.039535
0 0.365363 0.402326 0.017574 0.037209
0 0.342404 0.396512 0.015873 0.034884
0 0.320011 0.395349 0.018707 0.032558
0 0.595522 0.665116 0.017574 0.041860