0 0.020408 0.629070 0.019274 0.048837
0 0.365363 0.877907 0.009637 0.081395
0 0.320295 0.703488 0.023810 0.053488
0 0.419218 0.746512 0.022109 0.051163
0 0.203231 0.460465 0.022109 0.046512
0 0.398243 0.748837 0.013039 0.041860
0 0.211451 0.520930 0.018141 0.041860
0 0.207483 0.576744 0.019274 0.055814
0 0.245181 0.537209 0.016440 0.046512
0 0.237812 0.583721 0.023243 0.055814
0 0.113662 0.959302 0.008503 0.076744
0 0.272676 0.597674 0.021542 0.046512
0 0.302154 0.603488 0.017007 0.044186
0 0.274943 0.538372 0.023810 0.048837
0 0.303855 0.480233 0.021542 0.058140
0 0.359977 0.500000 0.020408 0.046512
0 0.397959 0.502326 0.022676 0.051163
0 0.422052 0.509302 0.015306 0.041860
0 0.451247 0.512791 0.021542 0.044186
0 0.494331 0.519767 0.022676 0.048837
0 0.691327 0.175581 0.009637 0.067442
0 0.768141 0.251163 0.019274 0.079070
0 0.683957 0.808140 0.017574 0.044186
0 0.705215 0.809302 0.018141 0.041860
0 0.730159 0.811628 0.015873 0.046512
0 0.760488 0.812791 0.022109 0.044186
0 0.787415 0.819767 0.020408 0.044186
0 0.809240 0.824419 0.017574 0.044186
0 0.986678 0.530233 0.018707 0.046512
0 0.964002 0.524419 0.019841 0.044186
0 0.937925 0.520930 0.018707 0.046512
0 0.913549 0.517442 0.016440 0.044186
0 0.888322 0.511628 0.021542 0.051163
0 0.859977 0.510465 0.018141 0.044186
0 0.831633 0.508140 0.019274 0.039535
0 0.765590 0.497674 0.018707 0.046512
0 0.625283 0.489535 0.019274 0.039535
0 0.605726 0.488372 0.015306 0.041860
0 0.583050 0.481395 0.022109 0.051163
0 0.557256 0.484884 0.020408 0.039535
0 0.535998 0.477907 0.013039 0.044186
0 0.514456 0.474419 0.016440 0.037209
0 0.489796 0.468605 0.020408 0.048837
0 0.462585 0.463953 0.019274 0.044186
0 0.438209 0.461628 0.018141 0.039535
0 0.414966 0.455814 0.018141 0.046512
0 0.391440 0.453488 0.016440 0.046512
0 0.368481 0.450000 0.018141 0.039535
0 0.345522 0.444186 0.015306 0.046512
0 0.322846 0.439535 0.017574 0.041860
0 0.237245 0.697674 0.017574 0.046512