0 0.039966 0.606977 0.018707 0.041860
0 0.008787 0.591860 0.017574 0.034884
0 0.085884 0.100000 0.008503 0.083721
0 0.475057 0.653488 0.019274 0.041860
0 0.940193 0.656977 0.023243 0.039535
0 0.965986 0.709302 0.022676 0.041860
0 0.193878 0.419767 0.020408 0.034884
0 0.944728 0.712791 0.011905 0.030233
0 0.198129 0.470930 0.018707 0.039535
0 0.192744 0.530233 0.019274 0.037209
0 0.235261 0.482558 0.015873 0.034884
0 0.227608 0.532558 0.022109 0.037209
0 0.111111 0.933721 0.010204 0.090698
0 0.267574 0.541860 0.020408 0.032558
0 0.300170 0.541860 0.017574 0.037209
0 0.269841 0.479070 0.023810 0.041860
0 0.301304 0.419767 0.022109 0.044186
0 0.357143 0.430233 0.020408 0.037209
0 0.395692 0.431395 0.022676 0.044186
0 0.419501 0.436047 0.014739 0.044186
0 0.449263 0.434884 0.019841 0.037209
0 0.492063 0.436047 0.022676 0.039535
0 0.688209 0.051163 0.010204 0.079070
0 0.765590 0.145349 0.018707 0.076744
0 0.681689 0.738372 0.017574 0.039535
0 0.702948 0.739535 0.018141 0.037209
0 0.728175 0.741860 0.016440 0.041860
0 0.758503 0.740698 0.022676 0.034884
0 0.784864 0.741860 0.019841 0.037209
0 0.807256 0.746512 0.017007 0.037209
0 0.831633 0.746512 0.019274 0.037209
0 0.938492 0.754651 0.016440 0.034884
0 0.959467 0.756977 0.016440 0.034884
0 0.983844 0.430233 0.018707 0.032558
0 0.961168 0.426744 0.019841 0.034884
0 0.935374 0.422093 0.019274 0.034884
0 0.909864 0.419767 0.017007 0.034884
0 0.886054 0.419767 0.022676 0.034884
0 0.857426 0.419767 0.016440 0.034884
0 0.829365 0.412791 0.019274 0.039535
0 0.763039 0.402326 0.019274 0.032558
0 0.622732 0.398837 0.018707 0.034884
0 0.603175 0.398837 0.017007 0.034884
0 0.580782 0.396512 0.020975 0.039535
0 0.554705 0.396512 0.018707 0.034884
0 0.533447 0.393023 0.012472 0.032558
0 0.511621 0.390698 0.016440 0.032558
0 0.487528 0.390698 0.020408 0.037209
0 0.459467 0.388372 0.019841 0.032558
0 0.435374 0.386047 0.018141 0.032558
0 0.412132 0.386047 0.017007 0.032558
0 0.388889 0.383721 0.015873 0.032558
0 0.365930 0.380233 0.017574 0.034884
0 0.342971 0.376744 0.015873 0.032558
0 0.320578 0.375581 0.017574 0.034884
0 0.757653 0.644186 0.017574 0.037209