0 0.018991 0.629070 0.019841 0.048837
0 0.364512 0.862791 0.010204 0.079070
0 0.342687 0.702326 0.023243 0.051163
0 0.441327 0.740698 0.022109 0.053488
0 0.202381 0.461628 0.021542 0.044186
0 0.420635 0.746512 0.013605 0.041860
0 0.210034 0.520930 0.018707 0.041860
0 0.206633 0.574419 0.018707 0.051163
0 0.244615 0.534884 0.016440 0.041860
0 0.237528 0.581395 0.023810 0.060465
0 0.112812 0.959302 0.009070 0.076744
0 0.271825 0.594186 0.022109 0.048837
0 0.301871 0.602326 0.017574 0.041860
0 0.274376 0.537209 0.023810 0.046512
0 0.302721 0.477907 0.021542 0.058140
0 0.359410 0.497674 0.020408 0.046512
0 0.396825 0.500000 0.022676 0.055814
0 0.421769 0.506977 0.015873 0.041860
0 0.450680 0.509302 0.020408 0.041860
0 0.494048 0.516279 0.023243 0.046512
0 0.690760 0.170930 0.008503 0.067442
0 0.767290 0.247674 0.018707 0.076744
0 0.682823 0.808140 0.017574 0.039535
0 0.704082 0.808140 0.018141 0.039535
0 0.729308 0.810465 0.016440 0.044186
0 0.759637 0.812791 0.022676 0.044186
0 0.786281 0.817442 0.020408 0.044186
0 0.808390 0.823256 0.017007 0.041860
0 0.985544 0.525581 0.017574 0.046512
0 0.963152 0.522093 0.019274 0.044186
0 0.936791 0.517442 0.018707 0.044186
0 0.912132 0.515116 0.017007 0.044186
0 0.887755 0.509302 0.022676 0.051163
0 0.859410 0.505814 0.018141 0.044186
0 0.831066 0.502326 0.019274 0.041860
0 0.764456 0.494186 0.017574 0.044186
0 0.624433 0.487209 0.018707 0.039535
0 0.604875 0.487209 0.014739 0.039535
0 0.582200 0.480233 0.021542 0.053488
0 0.556122 0.482558 0.020408 0.039535
0 0.534864 0.475581 0.013039 0.044186
0 0.513605 0.470930 0.017007 0.034884
0 0.488946 0.465116 0.020975 0.046512
0 0.461451 0.461628 0.019274 0.044186
0 0.437358 0.459302 0.018707 0.044186
0 0.414683 0.453488 0.017574 0.046512
0 0.390306 0.450000 0.016440 0.044186
0 0.367914 0.445349 0.018141 0.044186
0 0.344671 0.443023 0.015873 0.044186
0 0.322279 0.436047 0.017574 0.039535
0 0.257370 0.698837 0.018141 0.044186