0 0.019274 0.629070 0.019274 0.044186
0 0.364229 0.841860 0.009637 0.079070
0 0.392007 0.698837 0.023243 0.048837
0 0.488662 0.743023 0.022676 0.053488
0 0.201814 0.461628 0.022676 0.048837
0 0.468254 0.740698 0.012472 0.039535
0 0.210317 0.519767 0.018141 0.044186
0 0.207200 0.575581 0.019841 0.048837
0 0.244048 0.533721 0.016440 0.044186
0 0.236961 0.581395 0.022676 0.055814
0 0.112245 0.959302 0.009070 0.076744
0 0.271825 0.595349 0.020975 0.041860
0 0.301587 0.598837 0.018141 0.044186
0 0.274093 0.533721 0.023243 0.044186
0 0.302438 0.474419 0.020975 0.055814
0 0.358844 0.494186 0.020408 0.044186
0 0.396825 0.497674 0.023810 0.055814
0 0.420351 0.503488 0.015306 0.039535
0 0.450113 0.505814 0.020408 0.039535
0 0.493197 0.511628 0.022676 0.046512
0 0.690476 0.163953 0.009070 0.067442
0 0.767007 0.241860 0.018141 0.074419
0 0.682823 0.804651 0.017574 0.041860
0 0.703515 0.805814 0.018141 0.039535
0 0.729308 0.806977 0.016440 0.046512
0 0.759354 0.806977 0.023243 0.046512
0 0.786281 0.813953 0.021542 0.041860
0 0.808390 0.818605 0.017007 0.041860
0 0.985544 0.519767 0.018707 0.039535
0 0.963719 0.513953 0.020408 0.046512
0 0.936791 0.511628 0.018707 0.041860
0 0.912132 0.509302 0.017007 0.041860
0 0.887755 0.502326 0.021542 0.051163
0 0.859127 0.501163 0.017574 0.039535
0 0.831066 0.497674 0.020408 0.041860
0 0.764739 0.487209 0.018141 0.044186
0 0.623866 0.482558 0.018707 0.039535
0 0.604875 0.481395 0.015873 0.041860
0 0.582200 0.474419 0.021542 0.051163
0 0.556122 0.477907 0.020408 0.039535
0 0.535431 0.470930 0.013039 0.039535
0 0.513605 0.466279 0.017007 0.039535
0 0.488946 0.462791 0.019841 0.046512
0 0.461451 0.459302 0.019274 0.039535
0 0.436508 0.455814 0.019274 0.041860
0 0.414116 0.452326 0.017574 0.044186
0 0.389456 0.447674 0.015873 0.044186
0 0.367063 0.444186 0.017574 0.041860
0 0.344104 0.438372 0.015873 0.044186
0 0.321995 0.433721 0.017007 0.039535
0 0.300170 0.702326 0.017574 0.046512