0 0.017574 0.611628 0.019274 0.041860
0 0.085601 0.096512 0.009070 0.086047
0 0.425454 0.674419 0.018707 0.037209
0 0.765023 0.661628 0.023243 0.039535
0 0.828798 0.715116 0.022676 0.044186
0 0.200113 0.427907 0.020408 0.046512
0 0.808107 0.716279 0.011905 0.032558
0 0.208333 0.481395 0.018707 0.041860
0 0.203798 0.544186 0.019841 0.037209
0 0.241780 0.496512 0.016440 0.034884
0 0.234127 0.546512 0.022676 0.041860
0 0.110544 0.939535 0.009070 0.088372
0 0.269841 0.553488 0.020408 0.037209
0 0.300170 0.556977 0.017574 0.034884
0 0.272392 0.494186 0.023243 0.039535
0 0.301304 0.432558 0.020975 0.046512
0 0.357426 0.446512 0.020975 0.037209
0 0.394841 0.450000 0.023243 0.048837
0 0.419218 0.453488 0.015306 0.041860
0 0.448980 0.453488 0.020408 0.037209
0 0.491780 0.456977 0.022109 0.039535
0 0.688209 0.083721 0.010204 0.074419
0 0.764739 0.169767 0.018141 0.074419
0 0.681406 0.755814 0.018141 0.037209
0 0.702948 0.758140 0.018141 0.037209
0 0.728175 0.759302 0.016440 0.039535
0 0.757937 0.760465 0.023810 0.037209
0 0.785147 0.760465 0.021542 0.037209
0 0.806973 0.766279 0.017574 0.034884
0 0.937925 0.775581 0.017574 0.039535
0 0.960034 0.776744 0.015306 0.032558
0 0.984127 0.447674 0.019274 0.034884
0 0.961735 0.443023 0.019841 0.034884
0 0.935941 0.440698 0.019274 0.034884
0 0.910714 0.438372 0.016440 0.039535
0 0.886338 0.437209 0.022109 0.041860
0 0.857426 0.433721 0.016440 0.034884
0 0.829082 0.430233 0.019841 0.037209
0 0.763039 0.426744 0.018141 0.034884
0 0.622449 0.420930 0.019274 0.032558
0 0.603175 0.419767 0.017007 0.034884
0 0.580499 0.417442 0.021542 0.039535
0 0.554422 0.417442 0.019274 0.034884
0 0.533163 0.413953 0.011905 0.032558
0 0.511905 0.409302 0.017007 0.032558
0 0.487528 0.410465 0.020408 0.034884
0 0.459467 0.406977 0.019841 0.037209
0 0.434807 0.402326 0.018141 0.037209
0 0.412415 0.402326 0.017574 0.032558
0 0.388605 0.400000 0.016440 0.037209
0 0.365363 0.396512 0.018707 0.034884
0 0.342404 0.391860 0.015873 0.034884
0 0.320295 0.390698 0.018141 0.032558
0 0.623866 0.659302 0.017574 0.039535