0 0.018424 0.604651 0.018707 0.041860
0 0.085601 0.091860 0.009070 0.086047
0 0.435658 0.672093 0.018707 0.037209
0 0.797336 0.659302 0.023243 0.039535
0 0.854308 0.713953 0.022676 0.041860
0 0.198980 0.418605 0.020408 0.046512
0 0.834184 0.713953 0.011905 0.032558
0 0.208050 0.472093 0.019274 0.041860
0 0.202664 0.532558 0.019841 0.037209
0 0.241780 0.484884 0.017574 0.034884
0 0.233560 0.536047 0.021542 0.044186
0 0.110261 0.932558 0.009637 0.088372
0 0.269558 0.543023 0.020975 0.034884
0 0.299320 0.546512 0.017007 0.037209
0 0.272392 0.483721 0.023243 0.041860
0 0.300737 0.423256 0.020975 0.041860
0 0.356859 0.441860 0.020975 0.037209
0 0.393991 0.445349 0.022676 0.044186
0 0.418367 0.450000 0.014739 0.039535
0 0.448129 0.450000 0.019841 0.039535
0 0.490930 0.452326 0.021542 0.039535
0 0.687925 0.076744 0.009637 0.074419
0 0.765023 0.165116 0.018707 0.079070
0 0.680839 0.753488 0.018141 0.037209
0 0.702381 0.753488 0.018141 0.037209
0 0.727324 0.756977 0.015873 0.039535
0 0.757086 0.756977 0.023243 0.039535
0 0.784014 0.758140 0.020408 0.037209
0 0.805839 0.762791 0.017574 0.037209
0 0.937358 0.770930 0.017574 0.039535
0 0.959184 0.772093 0.015873 0.032558
0 0.983277 0.443023 0.018707 0.034884
0 0.961168 0.438372 0.019841 0.034884
0 0.934807 0.436047 0.019274 0.034884
0 0.909580 0.432558 0.017574 0.037209
0 0.885771 0.430233 0.022109 0.041860
0 0.856576 0.430233 0.015873 0.032558
0 0.828231 0.426744 0.020408 0.039535
0 0.762472 0.422093 0.018141 0.034884
0 0.621599 0.418605 0.018707 0.032558
0 0.602608 0.418605 0.017007 0.037209
0 0.579932 0.412791 0.021542 0.044186
0 0.553571 0.412791 0.019841 0.034884
0 0.532313 0.409302 0.012472 0.032558
0 0.510771 0.406977 0.017007 0.032558
0 0.486678 0.405814 0.019841 0.034884
0 0.458617 0.403488 0.019274 0.034884
0 0.434524 0.400000 0.018707 0.037209
0 0.411565 0.398837 0.017007 0.034884
0 0.388039 0.397674 0.016440 0.037209
0 0.365079 0.394186 0.018141 0.034884
0 0.341553 0.389535 0.015306 0.034884
0 0.319728 0.384884 0.018141 0.034884
0 0.651077 0.656977 0.017574 0.034884