0 0.017857 0.620930 0.019841 0.041860
0 0.086168 0.082558 0.009070 0.090698
0 0.390306 0.698837 0.018707 0.048837
0 0.640306 0.677907 0.022109 0.039535
0 0.722506 0.730233 0.022109 0.041860
0 0.202098 0.444186 0.023243 0.051163
0 0.701814 0.730233 0.012472 0.032558
0 0.209184 0.495349 0.018141 0.041860
0 0.205499 0.555814 0.019841 0.037209
0 0.242347 0.513953 0.016440 0.037209
0 0.235544 0.562791 0.023243 0.046512
0 0.111395 0.953488 0.009637 0.088372
0 0.270692 0.572093 0.020975 0.041860
0 0.300454 0.574419 0.018141 0.037209
0 0.273810 0.511628 0.024943 0.046512
0 0.302154 0.451163 0.021542 0.046512
0 0.358277 0.463953 0.020408 0.044186
0 0.395408 0.467442 0.023243 0.051163
0 0.419785 0.472093 0.015306 0.037209
0 0.449830 0.473256 0.019841 0.039535
0 0.492347 0.479070 0.020975 0.041860
0 0.689342 0.112791 0.009070 0.072093
0 0.765873 0.197674 0.018141 0.079070
0 0.682256 0.776744 0.017574 0.037209
0 0.703515 0.775581 0.018141 0.034884
0 0.728741 0.780233 0.016440 0.039535
0 0.758787 0.779070 0.022109 0.037209
0 0.785714 0.782558 0.020408 0.034884
0 0.807823 0.788372 0.017007 0.037209
0 0.938776 0.801163 0.017007 0.039535
0 0.985261 0.475581 0.018141 0.034884
0 0.962868 0.473256 0.019841 0.034884
0 0.936224 0.470930 0.018707 0.034884
0 0.911565 0.465116 0.017007 0.037209
0 0.887188 0.462791 0.021542 0.046512
0 0.858560 0.460465 0.016440 0.037209
0 0.829932 0.456977 0.020408 0.039535
0 0.764172 0.451163 0.018141 0.032558
0 0.623016 0.445349 0.019274 0.034884
0 0.603741 0.445349 0.015873 0.034884
0 0.581066 0.440698 0.020408 0.044186
0 0.555272 0.441860 0.019841 0.037209
0 0.534014 0.437209 0.012472 0.037209
0 0.512188 0.434884 0.017574 0.037209
0 0.488379 0.430233 0.019841 0.037209
0 0.460317 0.427907 0.019274 0.037209
0 0.435658 0.423256 0.018707 0.037209
0 0.412982 0.420930 0.017574 0.037209
0 0.389456 0.420930 0.015873 0.037209
0 0.366497 0.416279 0.018707 0.037209
0 0.343254 0.411628 0.015306 0.037209
0 0.321145 0.408140 0.018707 0.034884
0 0.515023 0.677907 0.017574 0.039535