0 0.026077 0.604651 0.019274 0.041860
0 0.085317 0.096512 0.008503 0.081395
0 0.457483 0.661628 0.019274 0.039535
0 0.866497 0.659302 0.023243 0.039535
0 0.909864 0.713953 0.021542 0.046512
0 0.197846 0.418605 0.020408 0.041860
0 0.889456 0.713953 0.011338 0.032558
0 0.205499 0.470930 0.018707 0.039535
0 0.199263 0.531395 0.019841 0.039535
0 0.240363 0.484884 0.015873 0.034884
0 0.231576 0.531395 0.022109 0.044186
0 0.110261 0.932558 0.009637 0.088372
0 0.269558 0.540698 0.020975 0.034884
0 0.299603 0.544186 0.017574 0.037209
0 0.272109 0.480233 0.023810 0.044186
0 0.300737 0.419767 0.022109 0.044186
0 0.356576 0.431395 0.020408 0.039535
0 0.394841 0.433721 0.023243 0.044186
0 0.419218 0.437209 0.015306 0.041860
0 0.448413 0.438372 0.020408 0.039535
0 0.491497 0.441860 0.022676 0.037209
0 0.687358 0.069767 0.009637 0.079070
0 0.765023 0.161628 0.018707 0.076744
0 0.680839 0.751163 0.018141 0.037209
0 0.702098 0.753488 0.018707 0.037209
0 0.727324 0.754651 0.015873 0.039535
0 0.757370 0.755814 0.022676 0.037209
0 0.784297 0.756977 0.020975 0.039535
0 0.806406 0.760465 0.017574 0.037209
0 0.830782 0.761628 0.019841 0.034884
0 0.937358 0.768605 0.017574 0.039535
0 0.958900 0.769767 0.016440 0.032558
0 0.983277 0.437209 0.018707 0.037209
0 0.960884 0.433721 0.020408 0.034884
0 0.934807 0.431395 0.019274 0.034884
0 0.909580 0.427907 0.016440 0.037209
0 0.885771 0.426744 0.022109 0.034884
0 0.856859 0.427907 0.016440 0.032558
0 0.828231 0.422093 0.019274 0.039535
0 0.762188 0.417442 0.018707 0.039535
0 0.622166 0.403488 0.018707 0.030233
0 0.602891 0.403488 0.016440 0.034884
0 0.580215 0.400000 0.020975 0.041860
0 0.554422 0.400000 0.019274 0.037209
0 0.532880 0.397674 0.012472 0.032558
0 0.511338 0.393023 0.015873 0.032558
0 0.486678 0.393023 0.019841 0.037209
0 0.459184 0.390698 0.019274 0.032558
0 0.435091 0.387209 0.018707 0.034884
0 0.411565 0.386047 0.015873 0.032558
0 0.388039 0.386047 0.016440 0.037209
0 0.365646 0.382558 0.018141 0.034884
0 0.342404 0.379070 0.015873 0.032558
0 0.319728 0.377907 0.018141 0.034884
0 0.705499 0.654651 0.016440 0.034884