0 0.032880 0.610465 0.018141 0.039535
0 0.085884 0.102326 0.009637 0.083721
0 0.467687 0.663953 0.018141 0.034884
0 0.903628 0.662791 0.022676 0.041860
0 0.938492 0.717442 0.020975 0.044186
0 0.196429 0.423256 0.019841 0.041860
0 0.917517 0.716279 0.011905 0.032558
0 0.203231 0.474419 0.017574 0.041860
0 0.196995 0.534884 0.018707 0.037209
0 0.238946 0.487209 0.016440 0.034884
0 0.231009 0.537209 0.023243 0.041860
0 0.111111 0.937209 0.010204 0.088372
0 0.269558 0.543023 0.020975 0.034884
0 0.300170 0.546512 0.017574 0.037209
0 0.271542 0.483721 0.023810 0.041860
0 0.301587 0.424419 0.021542 0.039535
0 0.357143 0.433721 0.019274 0.039535
0 0.395408 0.437209 0.023243 0.041860
0 0.419785 0.440698 0.015306 0.039535
0 0.449546 0.439535 0.019274 0.037209
0 0.492063 0.441860 0.022676 0.041860
0 0.688492 0.070930 0.009637 0.076744
0 0.765023 0.161628 0.018707 0.076744
0 0.681973 0.744186 0.018141 0.037209
0 0.703515 0.744186 0.018141 0.037209
0 0.728741 0.747674 0.016440 0.039535
0 0.758503 0.755814 0.022676 0.032558
0 0.784580 0.758140 0.020408 0.037209
0 0.806973 0.762791 0.017574 0.037209
0 0.831633 0.760465 0.019274 0.037209
0 0.937358 0.769767 0.018707 0.037209
0 0.959751 0.772093 0.015873 0.032558
0 0.983844 0.438372 0.018707 0.034884
0 0.961168 0.433721 0.019841 0.034884
0 0.935658 0.431395 0.019841 0.034884
0 0.910147 0.427907 0.016440 0.037209
0 0.886338 0.429070 0.022109 0.039535
0 0.857426 0.426744 0.016440 0.034884
0 0.829365 0.422093 0.020408 0.039535
0 0.762755 0.419767 0.018707 0.034884
0 0.623016 0.404651 0.018141 0.032558
0 0.604025 0.404651 0.016440 0.037209
0 0.580782 0.401163 0.020975 0.039535
0 0.554989 0.401163 0.019274 0.039535
0 0.533730 0.400000 0.013039 0.032558
0 0.511905 0.396512 0.017007 0.030233
0 0.487528 0.394186 0.020408 0.034884
0 0.459751 0.393023 0.019274 0.032558
0 0.435374 0.389535 0.018141 0.034884
0 0.412698 0.390698 0.017007 0.032558
0 0.389172 0.387209 0.016440 0.030233
0 0.366213 0.386047 0.018141 0.032558
0 0.342687 0.381395 0.015306 0.032558
0 0.320862 0.380233 0.018141 0.034884
0 0.732710 0.653488 0.017574 0.041860