0 0.018141 0.625581 0.019274 0.046512
0 0.364512 0.805814 0.011338 0.081395
0 0.468537 0.686047 0.023243 0.041860
0 0.562642 0.737209 0.020975 0.046512
0 0.200964 0.452326 0.022109 0.048837
0 0.541667 0.738372 0.013039 0.034884
0 0.209184 0.509302 0.019274 0.041860
0 0.205215 0.563953 0.019274 0.044186
0 0.242347 0.524419 0.016440 0.039535
0 0.235261 0.570930 0.022676 0.053488
0 0.111678 0.954651 0.009070 0.086047
0 0.270692 0.583721 0.022109 0.041860
0 0.300170 0.589535 0.017574 0.039535
0 0.273243 0.524419 0.023810 0.044186
0 0.301871 0.463953 0.020975 0.053488
0 0.358560 0.481395 0.020975 0.041860
0 0.395975 0.483721 0.022109 0.051163
0 0.420068 0.490698 0.014739 0.041860
0 0.449263 0.493023 0.019841 0.037209
0 0.492347 0.497674 0.022109 0.041860
0 0.689626 0.146512 0.009637 0.069767
0 0.766156 0.224419 0.018707 0.076744
0 0.681973 0.791860 0.018141 0.039535
0 0.703515 0.794186 0.018141 0.039535
0 0.728741 0.795349 0.016440 0.041860
0 0.758503 0.796512 0.022676 0.039535
0 0.785431 0.802326 0.020975 0.041860
0 0.807823 0.806977 0.017007 0.037209
0 0.937358 0.822093 0.018707 0.039535
0 0.984694 0.502326 0.018141 0.041860
0 0.962302 0.498837 0.019841 0.039535
0 0.936508 0.495349 0.019274 0.037209
0 0.911565 0.491860 0.017007 0.039535
0 0.886905 0.488372 0.022109 0.051163
0 0.858560 0.484884 0.017574 0.039535
0 0.830215 0.483721 0.019841 0.041860
0 0.764172 0.473256 0.019274 0.039535
0 0.623866 0.467442 0.019841 0.037209
0 0.604025 0.466279 0.015306 0.039535
0 0.581349 0.459302 0.020975 0.048837
0 0.555556 0.463953 0.020408 0.039535
0 0.534297 0.458140 0.013039 0.041860
0 0.512472 0.453488 0.017007 0.037209
0 0.488379 0.451163 0.020975 0.046512
0 0.460317 0.444186 0.019274 0.037209
0 0.435658 0.443023 0.017574 0.039535
0 0.412982 0.439535 0.017574 0.041860
0 0.388889 0.434884 0.015873 0.041860
0 0.366213 0.431395 0.018141 0.039535
0 0.343254 0.426744 0.015306 0.039535
0 0.320862 0.423256 0.017007 0.037209
0 0.365930 0.694186 0.017574 0.039535