0 0.019274 0.625581 0.019274 0.041860
0 0.364796 0.847674 0.008503 0.081395
0 0.367630 0.697674 0.023243 0.051163
0 0.465136 0.737209 0.022109 0.051163
0 0.202381 0.458140 0.022676 0.046512
0 0.444728 0.741860 0.013039 0.041860
0 0.210601 0.516279 0.018707 0.046512
0 0.206916 0.572093 0.020408 0.051163
0 0.243764 0.531395 0.017007 0.044186
0 0.237245 0.579070 0.022109 0.055814
0 0.112812 0.956977 0.007937 0.081395
0 0.272109 0.590698 0.021542 0.046512
0 0.301871 0.596512 0.017574 0.039535
0 0.274660 0.532558 0.023243 0.046512
0 0.303005 0.472093 0.020975 0.055814
0 0.359127 0.493023 0.019841 0.046512
0 0.397109 0.494186 0.023243 0.053488
0 0.420918 0.501163 0.015306 0.039535
0 0.450964 0.503488 0.019841 0.044186
0 0.494331 0.511628 0.022676 0.046512
0 0.690476 0.162791 0.009070 0.065116
0 0.767290 0.241860 0.018707 0.079070
0 0.682823 0.804651 0.017574 0.041860
0 0.704649 0.803488 0.018141 0.039535
0 0.729592 0.806977 0.015873 0.041860
0 0.759921 0.805814 0.023243 0.044186
0 0.786565 0.813953 0.020975 0.041860
0 0.808390 0.819767 0.017007 0.044186
0 0.985261 0.520930 0.018141 0.046512
0 0.963719 0.516279 0.020408 0.041860
0 0.937075 0.511628 0.019274 0.041860
0 0.912415 0.509302 0.016440 0.041860
0 0.888039 0.503488 0.020975 0.048837
0 0.859410 0.501163 0.018141 0.044186
0 0.831066 0.497674 0.020408 0.041860
0 0.765023 0.488372 0.018707 0.046512
0 0.624433 0.482558 0.018707 0.039535
0 0.605159 0.482558 0.015306 0.044186
0 0.582200 0.473256 0.021542 0.053488
0 0.556406 0.477907 0.019841 0.039535
0 0.535714 0.472093 0.012472 0.041860
0 0.513605 0.468605 0.017007 0.039535
0 0.489512 0.462791 0.020975 0.051163
0 0.461735 0.456977 0.019841 0.044186
0 0.437075 0.453488 0.019274 0.041860
0 0.414399 0.450000 0.018141 0.044186
0 0.390306 0.446512 0.016440 0.046512
0 0.367914 0.441860 0.018141 0.041860
0 0.344955 0.437209 0.015306 0.046512
0 0.322279 0.432558 0.017574 0.041860
0 0.279195 0.696512 0.017574 0.044186