0 0.383772 0.574040 0.054094 0.051188
0 0.184211 0.639854 0.055556 0.047532
0 0.137427 0.711152 0.055556 0.047532
0 0.751462 0.310786 0.061404 0.054845
0 0.701023 0.440585 0.059942 0.054845
0 0.400585 0.407678 0.049708 0.032907
0 0.261696 0.270567 0.046784 0.076782
0 0.218567 0.171846 0.039474 0.069470
0 0.253655 0.038391 0.042398 0.065814
0 0.076023 0.030165 0.058480 0.049360
0 0.214912 0.289762 0.029240 0.045704
0 0.157895 0.128885 0.038012 0.056673
0 0.556287 0.084095 0.057018 0.036563
0 0.658626 0.081353 0.054094 0.031079
0 0.178363 0.974406 0.049708 0.036563
0 0.543860 0.828154 0.052632 0.062157
0 0.590643 0.877514 0.055556 0.065814
0 0.635965 0.927788 0.058480 0.067642
0 0.685673 0.969835 0.055556 0.063985
0 0.893275 0.457952 0.032164 0.071298
0 0.880117 0.571298 0.032164 0.074954
0 0.874269 0.663620 0.035088 0.065814
0 0.850146 0.836380 0.030702 0.074954
0 0.900585 0.686472 0.046784 0.071298
0 0.941520 0.629799 0.035088 0.078611