0 0.375731 0.569470 0.052632 0.049360
0 0.214912 0.659963 0.055556 0.051188
0 0.602339 0.384826 0.064327 0.060329
0 0.858918 0.323583 0.059942 0.054845
0 0.377924 0.399452 0.051170 0.034735
0 0.255117 0.265996 0.048246 0.078611
0 0.209064 0.167276 0.040936 0.067642
0 0.244883 0.032907 0.039474 0.062157
0 0.064327 0.025594 0.058480 0.047532
0 0.205409 0.286106 0.030702 0.045704
0 0.147661 0.123400 0.035088 0.053016
0 0.547515 0.078611 0.057018 0.036563
0 0.649123 0.075868 0.052632 0.031079
0 0.038743 0.787934 0.059942 0.047532
0 0.170322 0.972578 0.051170 0.036563
0 0.535819 0.821755 0.051170 0.060329
0 0.582602 0.872943 0.057018 0.071298
0 0.628655 0.922303 0.058480 0.063985
0 0.680556 0.966179 0.057018 0.063985
0 0.883041 0.454296 0.029240 0.067642
0 0.871345 0.567642 0.032164 0.074954
0 0.864766 0.659049 0.033626 0.063985
0 0.842836 0.833638 0.033626 0.076782
0 0.894006 0.670018 0.042398 0.078611
0 0.932018 0.625229 0.036550 0.080439