0 0.375000 0.567642 0.051170 0.049360
0 0.236842 0.648080 0.055556 0.049360
0 0.552632 0.412249 0.061404 0.056673
0 0.916667 0.288848 0.058480 0.054845
0 0.370614 0.396709 0.054094 0.040219
0 0.254386 0.265996 0.046784 0.074954
0 0.208333 0.167276 0.039474 0.067642
0 0.244883 0.032907 0.042398 0.065814
0 0.065789 0.026508 0.061404 0.045704
0 0.205409 0.284278 0.033626 0.049360
0 0.148392 0.125229 0.033626 0.053016
0 0.546784 0.080439 0.058480 0.040219
0 0.647661 0.074954 0.052632 0.032907
0 0.097953 0.761426 0.061404 0.049360
0 0.170322 0.969835 0.051170 0.034735
0 0.535819 0.821755 0.051170 0.060329
0 0.582602 0.872029 0.057018 0.069470
0 0.629386 0.922303 0.057018 0.063985
0 0.681287 0.966179 0.055556 0.060329
0 0.883772 0.454296 0.030702 0.067642
0 0.870614 0.568556 0.030702 0.076782
0 0.864766 0.659049 0.033626 0.063985
0 0.842105 0.832724 0.029240 0.074954
0 0.894737 0.667276 0.040936 0.080439
0 0.932749 0.624314 0.035088 0.078611