0 0.378655 0.569470 0.052632 0.049360
0 0.057018 0.694698 0.055556 0.047532
0 0.191520 0.676417 0.055556 0.047532
0 0.653509 0.357404 0.064327 0.056673
0 0.805556 0.361060 0.061404 0.056673
0 0.385965 0.401280 0.052632 0.034735
0 0.257310 0.266910 0.049708 0.076782
0 0.212719 0.167276 0.039474 0.067642
0 0.247807 0.034735 0.042398 0.065814
0 0.066520 0.029250 0.059942 0.047532
0 0.208333 0.285192 0.030702 0.047532
0 0.150585 0.124314 0.035088 0.054845
0 0.549708 0.079525 0.055556 0.034735
0 0.652047 0.074954 0.052632 0.032907
0 0.173246 0.972578 0.051170 0.032907
0 0.538743 0.821755 0.051170 0.060329
0 0.584064 0.872943 0.057018 0.067642
0 0.632310 0.922303 0.057018 0.063985
0 0.684211 0.967093 0.055556 0.058501
0 0.887427 0.456124 0.029240 0.067642
0 0.875000 0.567642 0.033626 0.074954
0 0.867690 0.659963 0.033626 0.065814
0 0.845029 0.833638 0.032164 0.076782
0 0.896199 0.672761 0.043860 0.080439
0 0.935673 0.627057 0.035088 0.076782