0 0.363304 0.569470 0.057018 0.053016
0 0.298246 0.608775 0.052632 0.051188
0 0.211257 0.075868 0.045322 0.071298
0 0.243421 0.265996 0.045322 0.074954
0 0.197368 0.165448 0.040936 0.071298
0 0.233918 0.035649 0.040936 0.063985
0 0.052632 0.025594 0.058480 0.043876
0 0.192982 0.284278 0.032164 0.045704
0 0.535819 0.081353 0.057018 0.034735
0 0.634503 0.076782 0.052632 0.032907
0 0.451754 0.464351 0.052632 0.051188
0 0.728801 0.388483 0.059942 0.056673
0 0.434211 0.587751 0.064327 0.056673
0 0.159357 0.972578 0.052632 0.036563
0 0.524123 0.822669 0.045322 0.054845
0 0.570906 0.872943 0.054094 0.063985
0 0.619152 0.923218 0.059942 0.065814
0 0.666667 0.967093 0.058480 0.062157
0 0.867690 0.457038 0.027778 0.065814
0 0.852339 0.656307 0.029240 0.065814
0 0.829678 0.833638 0.030702 0.073126
0 0.884503 0.638026 0.032164 0.076782
0 0.915936 0.627057 0.030702 0.076782
0 0.898392 0.803473 0.027778 0.071298