0 0.370614 0.569470 0.054094 0.049360
0 0.287281 0.616088 0.054094 0.051188
0 0.350146 0.526508 0.062865 0.058501
0 0.325292 0.345521 0.045322 0.065814
0 0.251462 0.265082 0.046784 0.073126
0 0.205409 0.164534 0.039474 0.069470
0 0.241228 0.031993 0.040936 0.063985
0 0.060673 0.026508 0.059942 0.049360
0 0.202485 0.284278 0.030702 0.045704
0 0.145468 0.125229 0.033626 0.049360
0 0.543860 0.078611 0.055556 0.036563
0 0.645468 0.075868 0.054094 0.034735
0 0.860380 0.240402 0.054094 0.049360
0 0.335526 0.640768 0.059942 0.053016
0 0.047515 0.788848 0.059942 0.049360
0 0.167398 0.970750 0.054094 0.036563
0 0.532164 0.820841 0.049708 0.058501
0 0.578216 0.871115 0.057018 0.067642
0 0.626462 0.922303 0.057018 0.063985
0 0.676901 0.965265 0.055556 0.062157
0 0.878655 0.454296 0.026316 0.067642
0 0.866959 0.566728 0.029240 0.076782
0 0.861842 0.657221 0.027778 0.060329
0 0.839181 0.832724 0.029240 0.071298
0 0.891813 0.657221 0.038012 0.078611
0 0.927632 0.624314 0.033626 0.082267
0 0.909357 0.802559 0.032164 0.073126