0 0.370614 0.569470 0.054094 0.049360
0 0.295322 0.614260 0.052632 0.051188
0 0.298246 0.556673 0.064327 0.056673
0 0.315058 0.320841 0.039474 0.067642
0 0.251462 0.264168 0.046784 0.074954
0 0.206140 0.166362 0.038012 0.069470
0 0.241959 0.033821 0.042398 0.067642
0 0.061404 0.026508 0.058480 0.049360
0 0.202485 0.285192 0.030702 0.047532
0 0.144737 0.125229 0.032164 0.049360
0 0.543860 0.079525 0.055556 0.034735
0 0.645468 0.074954 0.054094 0.032907
0 0.803363 0.270567 0.054094 0.051188
0 0.395468 0.607861 0.059942 0.053016
0 0.105263 0.762340 0.064327 0.051188
0 0.168129 0.972578 0.055556 0.036563
0 0.532895 0.821755 0.048246 0.056673
0 0.580409 0.872029 0.055556 0.065814
0 0.627924 0.923218 0.057018 0.062157
0 0.676901 0.966179 0.055556 0.060329
0 0.877924 0.455210 0.027778 0.065814
0 0.868421 0.567642 0.029240 0.074954
0 0.861842 0.658135 0.030702 0.062157
0 0.839181 0.835466 0.029240 0.069470
0 0.892544 0.656307 0.036550 0.080439
0 0.928363 0.624314 0.032164 0.078611
0 0.908626 0.801645 0.030702 0.074954