0 0.367690 0.567642 0.057018 0.053016
0 0.300439 0.607861 0.054094 0.049360
0 0.192982 0.611517 0.064327 0.056673
0 0.288743 0.247715 0.039474 0.067642
0 0.249269 0.264168 0.045322 0.074954
0 0.203947 0.163620 0.039474 0.071298
0 0.239766 0.031993 0.043860 0.063985
0 0.059211 0.025594 0.057018 0.043876
0 0.198830 0.283364 0.032164 0.043876
0 0.142544 0.126143 0.033626 0.051188
0 0.541667 0.078611 0.057018 0.036563
0 0.641813 0.074040 0.052632 0.031079
0 0.685673 0.329068 0.052632 0.051188
0 0.508772 0.534735 0.058480 0.053016
0 0.215643 0.708410 0.062865 0.053016
0 0.164474 0.970750 0.054094 0.036563
0 0.529971 0.819927 0.048246 0.056673
0 0.576754 0.872029 0.057018 0.065814
0 0.624269 0.921389 0.055556 0.062157
0 0.673246 0.965265 0.057018 0.062157
0 0.875000 0.455210 0.027778 0.065814
0 0.864766 0.565814 0.030702 0.074954
0 0.857456 0.657221 0.027778 0.063985
0 0.836988 0.832724 0.027778 0.067642
0 0.889620 0.650823 0.039474 0.080439
0 0.924708 0.623400 0.033626 0.080439
0 0.905702 0.800731 0.030702 0.073126