0 0.365497 0.568556 0.055556 0.051188
0 0.300439 0.606947 0.054094 0.051188
0 0.083333 0.662706 0.064327 0.060329
0 0.254386 0.166362 0.043860 0.069470
0 0.244883 0.264168 0.045322 0.074954
0 0.201023 0.164534 0.039474 0.069470
0 0.236111 0.033821 0.042398 0.063985
0 0.055556 0.024680 0.058480 0.045704
0 0.196637 0.285192 0.030702 0.043876
0 0.138889 0.124314 0.035088 0.054845
0 0.538012 0.080439 0.058480 0.036563
0 0.638889 0.074040 0.052632 0.031079
0 0.567982 0.393967 0.051170 0.049360
0 0.619152 0.459781 0.059942 0.056673
0 0.325292 0.648080 0.062865 0.053016
0 0.161550 0.969835 0.054094 0.034735
0 0.527778 0.819927 0.046784 0.056673
0 0.573099 0.870201 0.055556 0.065814
0 0.620614 0.922303 0.059942 0.067642
0 0.669591 0.963437 0.055556 0.062157
0 0.871345 0.454296 0.026316 0.063985
0 0.860380 0.566728 0.030702 0.073126
0 0.855263 0.656307 0.026316 0.065814
0 0.833333 0.832724 0.026316 0.067642
0 0.885965 0.645338 0.035088 0.076782
0 0.920322 0.624314 0.033626 0.078611
0 0.900585 0.801645 0.032164 0.074954