0 0.365497 0.569470 0.055556 0.053016
0 0.299708 0.606947 0.052632 0.047532
0 0.136696 0.639854 0.065789 0.058501
0 0.271930 0.209324 0.040936 0.067642
0 0.246345 0.264168 0.045322 0.074954
0 0.201023 0.164534 0.039474 0.069470
0 0.237573 0.033821 0.042398 0.063985
0 0.057018 0.025594 0.058480 0.043876
0 0.198099 0.284278 0.030702 0.045704
0 0.139620 0.124314 0.033626 0.051188
0 0.538743 0.078611 0.057018 0.032907
0 0.639620 0.074954 0.054094 0.032907
0 0.625731 0.362888 0.052632 0.053016
0 0.563596 0.498172 0.059942 0.056673
0 0.269737 0.679159 0.062865 0.053016
0 0.161550 0.970750 0.051170 0.036563
0 0.527778 0.820841 0.046784 0.054845
0 0.573099 0.872943 0.055556 0.067642
0 0.622076 0.923218 0.057018 0.065814
0 0.669591 0.966179 0.058480 0.063985
0 0.872076 0.455210 0.027778 0.065814
0 0.860380 0.567642 0.030702 0.074954
0 0.856725 0.656307 0.029240 0.062157
0 0.834064 0.832724 0.027778 0.071298
0 0.887427 0.649909 0.035088 0.078611
0 0.921784 0.625229 0.033626 0.076782
0 0.902778 0.803473 0.030702 0.074954