0 0.370614 0.568556 0.057018 0.051188
0 0.277778 0.623400 0.052632 0.047532
0 0.399123 0.498172 0.064327 0.060329
0 0.335526 0.368373 0.051170 0.060329
0 0.250000 0.265082 0.046784 0.076782
0 0.205409 0.166362 0.039474 0.069470
0 0.241228 0.032907 0.043860 0.065814
0 0.060673 0.026508 0.059942 0.045704
0 0.202485 0.283364 0.030702 0.047532
0 0.144006 0.126143 0.033626 0.051188
0 0.542398 0.078611 0.055556 0.036563
0 0.644006 0.074040 0.054094 0.034735
0 0.918860 0.214808 0.057018 0.053016
0 0.275585 0.672761 0.059942 0.051188
0 0.167398 0.971664 0.054094 0.034735
0 0.532164 0.820841 0.049708 0.058501
0 0.578947 0.872943 0.055556 0.067642
0 0.626462 0.921389 0.057018 0.062157
0 0.677632 0.966179 0.054094 0.060329
0 0.878655 0.455210 0.029240 0.065814
0 0.867690 0.566728 0.030702 0.076782
0 0.861111 0.658135 0.029240 0.062157
0 0.838450 0.832724 0.030702 0.074954
0 0.891813 0.659049 0.038012 0.078611
0 0.928363 0.623400 0.029240 0.076782
0 0.910088 0.802559 0.030702 0.073126