0 0.369152 0.565814 0.057018 0.053016
0 0.300439 0.606947 0.054094 0.051188
0 0.245614 0.264168 0.046784 0.074954
0 0.201023 0.163620 0.042398 0.071298
0 0.237573 0.031993 0.042398 0.063985
0 0.055556 0.025594 0.058480 0.043876
0 0.197368 0.285192 0.032164 0.047532
0 0.538743 0.079525 0.057018 0.034735
0 0.638158 0.074040 0.051170 0.031079
0 0.398392 0.498172 0.051170 0.049360
0 0.787281 0.350091 0.059942 0.056673
0 0.491959 0.552102 0.062865 0.054845
0 0.163012 0.972578 0.051170 0.036563
0 0.528509 0.821755 0.045322 0.056673
0 0.573099 0.872943 0.052632 0.063985
0 0.620614 0.922303 0.057018 0.067642
0 0.668860 0.965265 0.059942 0.065814
0 0.871345 0.454296 0.026316 0.063985
0 0.854532 0.654479 0.030702 0.065814
0 0.834064 0.832724 0.030702 0.074954
0 0.888158 0.628885 0.027778 0.076782
0 0.918129 0.627971 0.029240 0.078611
0 0.901316 0.804388 0.027778 0.073126