0 0.377193 0.539305 0.043860 0.069470
0 0.301901 0.606947 0.054094 0.051188
0 0.243421 0.265996 0.045322 0.074954
0 0.198099 0.166362 0.042398 0.069470
0 0.233187 0.036563 0.045322 0.065814
0 0.051901 0.031079 0.054094 0.043876
0 0.192982 0.287020 0.032164 0.047532
0 0.534357 0.081353 0.057018 0.034735
0 0.633772 0.076782 0.054094 0.032907
0 0.218567 0.601463 0.051170 0.051188
0 0.947368 0.253199 0.058480 0.049360
0 0.649854 0.447898 0.059942 0.054845
0 0.140351 0.745887 0.055556 0.047532
0 0.158626 0.975320 0.051170 0.034735
0 0.526316 0.824497 0.046784 0.058501
0 0.567982 0.872943 0.054094 0.067642
0 0.617690 0.925960 0.059942 0.067642
0 0.666667 0.967093 0.055556 0.062157
0 0.865497 0.458867 0.026316 0.065814
0 0.850877 0.656307 0.029240 0.065814
0 0.828216 0.835466 0.030702 0.073126
0 0.884503 0.608775 0.029240 0.076782
0 0.915205 0.627971 0.029240 0.078611
0 0.896199 0.806216 0.029240 0.073126