0 0.370614 0.563985 0.054094 0.060329
0 0.299708 0.606947 0.052632 0.051188
0 0.244883 0.265082 0.045322 0.073126
0 0.199561 0.165448 0.042398 0.071298
0 0.236111 0.034735 0.042398 0.065814
0 0.054094 0.025594 0.058480 0.043876
0 0.194444 0.285192 0.032164 0.047532
0 0.536550 0.080439 0.055556 0.032907
0 0.634503 0.076782 0.052632 0.032907
0 0.338450 0.532907 0.051170 0.053016
0 0.839181 0.317185 0.058480 0.056673
0 0.544591 0.518282 0.059942 0.053016
0 0.034357 0.792505 0.057018 0.045704
0 0.160819 0.973492 0.052632 0.034735
0 0.526316 0.821755 0.046784 0.056673
0 0.569444 0.873857 0.054094 0.065814
0 0.618421 0.922303 0.055556 0.063985
0 0.665936 0.966179 0.057018 0.063985
0 0.867690 0.457952 0.027778 0.067642
0 0.850877 0.655393 0.032164 0.063985
0 0.829678 0.836380 0.030702 0.071298
0 0.885234 0.624314 0.030702 0.078611
0 0.915936 0.627057 0.030702 0.080439
0 0.898392 0.804388 0.027778 0.073126