0 0.366959 0.557587 0.049708 0.065814
0 0.291667 0.610603 0.051170 0.051188
0 0.245614 0.267824 0.046784 0.078611
0 0.200292 0.168190 0.040936 0.069470
0 0.235380 0.037477 0.040936 0.063985
0 0.054094 0.029250 0.058480 0.043876
0 0.195906 0.288848 0.029240 0.043876
0 0.528509 0.085923 0.057018 0.032907
0 0.627193 0.080439 0.052632 0.032907
0 0.272661 0.569470 0.051170 0.049360
0 0.885965 0.287020 0.058480 0.054845
0 0.589181 0.487203 0.061404 0.056673
0 0.089912 0.772395 0.057018 0.045704
0 0.161550 0.976234 0.051170 0.036563
0 0.518275 0.826325 0.048246 0.058501
0 0.563596 0.876600 0.057018 0.067642
0 0.609649 0.926874 0.058480 0.069470
0 0.658626 0.968921 0.057018 0.062157
0 0.860380 0.460695 0.027778 0.065814
0 0.845029 0.658135 0.029240 0.062157
0 0.823830 0.837294 0.027778 0.069470
0 0.878655 0.619744 0.029240 0.076782
0 0.909357 0.629799 0.032164 0.078611
0 0.891082 0.808044 0.030702 0.073126