0 0.143302 0.885942 0.015576 0.100796
0 0.404595 0.511936 0.033489 0.047745
0 0.123053 0.880637 0.014019 0.090186
0 0.095794 0.086207 0.014019 0.092838
0 0.021807 0.505305 0.031153 0.045093
0 0.226636 0.667109 0.015576 0.092838
0 0.371885 0.283820 0.030374 0.042440
0 0.419393 0.236074 0.028816 0.047745
0 0.383567 0.228117 0.027259 0.042440
0 0.346573 0.222812 0.029595 0.047745
0 0.732477 0.309019 0.033489 0.050398
0 0.693146 0.289125 0.026480 0.042440
0 0.542056 0.318302 0.029595 0.047745
0 0.433801 0.350133 0.029595 0.047745
0 0.653037 0.281167 0.027259 0.042440
0 0.621495 0.278515 0.024922 0.042440
0 0.589953 0.275862 0.028816 0.042440
0 0.544393 0.262599 0.029595 0.042440
0 0.892523 0.202918 0.012461 0.092838
0 0.895639 0.102122 0.014019 0.082228
0 0.836838 0.151194 0.013240 0.100796
0 0.839953 0.035809 0.010125 0.071618
0 0.963006 0.546419 0.031931 0.058355
0 0.864875 0.660477 0.030374 0.068966
0 0.335280 0.629973 0.031931 0.045093
0 0.371106 0.627321 0.030374 0.039788
0 0.431464 0.619363 0.026480 0.039788
0 0.465343 0.624668 0.027259 0.039788
0 0.502726 0.629973 0.025701 0.050398
0 0.543224 0.640584 0.031931 0.045093
0 0.577492 0.648541 0.025701 0.045093
0 0.619938 0.653846 0.026480 0.045093
0 0.647196 0.657825 0.018692 0.042440
0 0.676012 0.667109 0.032710 0.045093
0 0.716900 0.676393 0.030374 0.047745
0 0.787773 0.690981 0.024143 0.045093