0 0.133567 0.311671 0.016355 0.103448
0 0.237928 0.692308 0.017913 0.106101
0 0.285047 0.580902 0.031153 0.100796
0 0.131231 0.879310 0.016355 0.092838
0 0.027648 0.502653 0.031931 0.039788
0 0.453271 0.298408 0.032710 0.050398
0 0.429907 0.236074 0.029595 0.042440
0 0.393692 0.228117 0.027259 0.042440
0 0.356698 0.222812 0.029595 0.047745
0 0.743380 0.311671 0.033489 0.055703
0 0.702882 0.293103 0.027259 0.045093
0 0.698598 0.370027 0.029595 0.050398
0 0.556075 0.375332 0.029595 0.045093
0 0.663941 0.283820 0.028816 0.042440
0 0.630841 0.279841 0.024922 0.039788
0 0.599688 0.275862 0.029595 0.042440
0 0.553349 0.262599 0.028816 0.042440
0 0.846963 0.153846 0.013240 0.095491
0 0.850078 0.037135 0.011682 0.068966
0 0.820872 0.624668 0.031153 0.045093
0 0.343847 0.631300 0.031931 0.042440
0 0.379673 0.627321 0.031931 0.039788
0 0.440421 0.622016 0.027259 0.034483
0 0.474299 0.624668 0.028037 0.039788
0 0.510514 0.633952 0.028816 0.042440
0 0.551791 0.643236 0.033489 0.045093
0 0.585670 0.648541 0.026480 0.045093
0 0.628894 0.657825 0.027259 0.037135
0 0.655763 0.657825 0.020249 0.047745
0 0.683801 0.668435 0.034268 0.042440
0 0.727025 0.677719 0.031931 0.045093
0 0.796340 0.694960 0.024143 0.042440
0 0.015187 0.431034 0.030374 0.050398