0 0.567368 0.526525 0.031931 0.045093
0 0.121106 0.880637 0.011682 0.090186
0 0.085280 0.171088 0.021028 0.098143
0 0.019860 0.509284 0.030374 0.042440
0 0.218458 0.523873 0.014798 0.082228
0 0.252336 0.945623 0.014019 0.092838
0 0.341511 0.277188 0.030374 0.039788
0 0.415888 0.234748 0.032710 0.045093
0 0.378505 0.228117 0.024922 0.047745
0 0.342290 0.221485 0.030374 0.045093
0 0.726636 0.307692 0.032710 0.047745
0 0.687695 0.287798 0.026480 0.045093
0 0.444315 0.299735 0.028816 0.042440
0 0.376947 0.336870 0.028037 0.042440
0 0.648754 0.279841 0.026480 0.039788
0 0.617601 0.275862 0.024922 0.042440
0 0.585670 0.273210 0.029595 0.037135
0 0.539720 0.262599 0.029595 0.042440
0 0.887072 0.197613 0.012461 0.087533
0 0.888629 0.102122 0.012461 0.082228
0 0.830997 0.151194 0.012461 0.095491
0 0.757009 0.438992 0.032710 0.055703
0 0.862928 0.497347 0.026480 0.050398
0 0.971963 0.555703 0.035826 0.061008
0 0.868380 0.676393 0.028037 0.074271
0 0.331776 0.628647 0.031153 0.042440
0 0.367601 0.625995 0.028037 0.042440
0 0.428349 0.620690 0.024922 0.037135
0 0.462227 0.624668 0.025701 0.039788
0 0.499221 0.628647 0.026480 0.042440
0 0.538941 0.639257 0.031153 0.042440
0 0.573988 0.647215 0.024922 0.047745
0 0.616822 0.653846 0.026480 0.045093
0 0.644081 0.655172 0.018692 0.042440
0 0.671340 0.663130 0.029595 0.037135
0 0.713006 0.675066 0.030374 0.045093
0 0.783879 0.689655 0.024143 0.047745