0 0.598910 0.531830 0.031153 0.045093
0 0.120717 0.880637 0.012461 0.090186
0 0.082555 0.185676 0.023364 0.095491
0 0.021417 0.505305 0.028816 0.039788
0 0.215343 0.421751 0.016355 0.084881
0 0.250000 0.883289 0.014019 0.095491
0 0.232866 0.942971 0.015576 0.092838
0 0.339174 0.277188 0.030374 0.045093
0 0.415109 0.233422 0.031153 0.047745
0 0.378505 0.228117 0.024922 0.042440
0 0.341511 0.218833 0.028816 0.039788
0 0.726636 0.309019 0.031153 0.050398
0 0.687305 0.286472 0.027259 0.047745
0 0.431075 0.297082 0.028816 0.042440
0 0.371885 0.335544 0.028816 0.039788
0 0.648364 0.278515 0.025701 0.042440
0 0.616822 0.274536 0.024922 0.045093
0 0.585670 0.271883 0.029595 0.039788
0 0.539720 0.261273 0.029595 0.045093
0 0.886293 0.197613 0.010903 0.087533
0 0.889019 0.103448 0.013240 0.079576
0 0.830607 0.152520 0.011682 0.092838
0 0.725857 0.428382 0.032710 0.055703
0 0.833333 0.481432 0.026480 0.050398
0 0.940031 0.535809 0.035826 0.058355
0 0.868769 0.675066 0.028816 0.076923
0 0.331386 0.627321 0.030374 0.045093
0 0.367601 0.625995 0.028037 0.042440
0 0.427570 0.619363 0.024922 0.045093
0 0.461449 0.624668 0.025701 0.039788
0 0.498832 0.628647 0.025701 0.042440
0 0.538551 0.637931 0.031931 0.045093
0 0.573598 0.647215 0.024143 0.042440
0 0.616044 0.652520 0.026480 0.042440
0 0.643302 0.655172 0.018692 0.037135
0 0.672118 0.664456 0.031153 0.039788
0 0.712617 0.676393 0.031153 0.047745
0 0.783879 0.688329 0.024143 0.045093