0 0.724688 0.553050 0.031931 0.050398
0 0.121106 0.885942 0.011682 0.090186
0 0.041277 0.254642 0.026480 0.053050
0 0.096573 0.104775 0.015576 0.098143
0 0.022196 0.509284 0.028816 0.037135
0 0.249611 0.705570 0.014798 0.100796
0 0.216900 0.518568 0.016355 0.098143
0 0.337227 0.279841 0.031153 0.045093
0 0.414720 0.240053 0.030374 0.045093
0 0.377726 0.229443 0.024922 0.045093
0 0.340343 0.224138 0.029595 0.045093
0 0.724688 0.312997 0.031931 0.047745
0 0.685358 0.293103 0.026480 0.045093
0 0.387850 0.291777 0.028037 0.042440
0 0.354361 0.338196 0.028037 0.045093
0 0.646417 0.283820 0.024922 0.042440
0 0.614875 0.281167 0.025701 0.042440
0 0.584112 0.277188 0.029595 0.039788
0 0.538551 0.266578 0.030374 0.039788
0 0.883956 0.202918 0.012461 0.087533
0 0.885514 0.106101 0.012461 0.079576
0 0.613707 0.389920 0.031153 0.047745
0 0.721184 0.433687 0.026480 0.045093
0 0.822040 0.481432 0.035047 0.055703
0 0.947430 0.554377 0.033489 0.058355
0 0.867212 0.679045 0.027259 0.074271
0 0.330607 0.633952 0.030374 0.042440
0 0.367212 0.631300 0.027259 0.042440
0 0.426402 0.625995 0.025701 0.042440
0 0.459112 0.628647 0.027259 0.047745
0 0.497274 0.635279 0.024143 0.045093
0 0.537773 0.643236 0.030374 0.045093
0 0.572430 0.652520 0.023364 0.047745
0 0.615265 0.656499 0.024922 0.039788
0 0.641745 0.659151 0.018692 0.039788
0 0.671340 0.668435 0.029595 0.042440
0 0.711838 0.677719 0.029595 0.045093
0 0.782321 0.694960 0.022586 0.042440