0 0.131620 0.453581 0.017134 0.095491
0 0.226636 0.478780 0.020249 0.108753
0 0.307632 0.535809 0.035826 0.079576
0 0.126558 0.876658 0.014798 0.087533
0 0.022975 0.501326 0.033489 0.042440
0 0.424844 0.294430 0.031931 0.042440
0 0.425234 0.233422 0.029595 0.042440
0 0.389019 0.225464 0.027259 0.042440
0 0.351636 0.218833 0.030374 0.045093
0 0.737928 0.307692 0.033489 0.053050
0 0.698209 0.287798 0.027259 0.045093
0 0.647196 0.350133 0.029595 0.047745
0 0.515187 0.366048 0.030374 0.042440
0 0.658879 0.279841 0.028037 0.045093
0 0.626947 0.277188 0.024922 0.039788
0 0.595016 0.274536 0.029595 0.039788
0 0.549065 0.261273 0.028037 0.039788
0 0.897975 0.201592 0.014019 0.090186
0 0.900701 0.103448 0.013240 0.079576
0 0.842679 0.151194 0.012461 0.095491
0 0.845405 0.038462 0.011682 0.066313
0 0.832555 0.624668 0.031153 0.039788
0 0.338396 0.627321 0.031931 0.045093
0 0.374221 0.623342 0.030374 0.037135
0 0.435358 0.618037 0.028037 0.042440
0 0.468847 0.623342 0.028037 0.042440
0 0.505841 0.628647 0.025701 0.042440
0 0.547118 0.639257 0.031931 0.047745
0 0.580997 0.648541 0.024922 0.039788
0 0.623442 0.653846 0.027259 0.039788
0 0.651480 0.655172 0.019470 0.047745
0 0.679907 0.663130 0.032710 0.042440
0 0.721184 0.676393 0.031153 0.047745
0 0.792056 0.690981 0.024922 0.039788