0 0.142134 0.793103 0.016355 0.100796
0 0.383178 0.509284 0.032710 0.047745
0 0.125000 0.880637 0.013240 0.090186
0 0.096184 0.076923 0.014798 0.095491
0 0.022975 0.506631 0.030374 0.042440
0 0.232087 0.774536 0.015576 0.084881
0 0.381620 0.286472 0.031153 0.042440
0 0.422508 0.236074 0.030374 0.042440
0 0.385514 0.229443 0.026480 0.045093
0 0.348131 0.224138 0.029595 0.050398
0 0.734424 0.311671 0.032710 0.050398
0 0.695483 0.293103 0.026480 0.045093
0 0.561526 0.327586 0.029595 0.045093
0 0.448598 0.354111 0.029595 0.039788
0 0.655374 0.282493 0.027259 0.039788
0 0.623832 0.279841 0.024922 0.039788
0 0.591511 0.277188 0.028816 0.045093
0 0.546729 0.263926 0.029595 0.039788
0 0.894860 0.204244 0.014019 0.090186
0 0.897975 0.104775 0.014019 0.076923
0 0.839174 0.152520 0.013240 0.098143
0 0.841900 0.037135 0.010903 0.068966
0 0.860981 0.651194 0.030374 0.061008
0 0.336449 0.631300 0.032710 0.047745
0 0.372664 0.625995 0.030374 0.042440
0 0.433022 0.622016 0.026480 0.039788
0 0.466511 0.627321 0.028037 0.039788
0 0.504283 0.632626 0.025701 0.045093
0 0.544782 0.643236 0.031931 0.045093
0 0.578660 0.649867 0.026480 0.047745
0 0.621495 0.657825 0.026480 0.042440
0 0.647975 0.660477 0.018692 0.042440
0 0.677570 0.668435 0.032710 0.047745
0 0.718847 0.680371 0.031153 0.045093
0 0.789720 0.693634 0.024922 0.045093