0 0.427960 0.515915 0.033489 0.045093
0 0.123053 0.880637 0.012461 0.090186
0 0.095794 0.096817 0.014019 0.098143
0 0.021807 0.506631 0.031153 0.042440
0 0.221963 0.551724 0.014019 0.090186
0 0.237150 0.964191 0.014798 0.066313
0 0.364875 0.281167 0.031931 0.042440
0 0.419393 0.236074 0.030374 0.047745
0 0.382399 0.228117 0.024922 0.042440
0 0.345405 0.220159 0.030374 0.053050
0 0.731698 0.310345 0.033489 0.047745
0 0.691978 0.290451 0.027259 0.050398
0 0.524143 0.315650 0.029595 0.047745
0 0.421729 0.346154 0.030374 0.045093
0 0.652648 0.282493 0.028037 0.045093
0 0.620717 0.275862 0.024922 0.042440
0 0.589953 0.274536 0.030374 0.039788
0 0.543614 0.262599 0.029595 0.042440
0 0.891745 0.202918 0.014019 0.092838
0 0.894470 0.102122 0.013240 0.082228
0 0.836059 0.152520 0.013240 0.098143
0 0.838396 0.037135 0.010125 0.068966
0 0.927181 0.527851 0.031931 0.053050
0 0.867212 0.667109 0.030374 0.071618
0 0.334891 0.629973 0.031153 0.045093
0 0.370717 0.627321 0.029595 0.039788
0 0.431075 0.622016 0.027259 0.039788
0 0.464564 0.624668 0.027259 0.039788
0 0.501947 0.631300 0.025701 0.047745
0 0.542445 0.641910 0.031931 0.047745
0 0.577103 0.648541 0.024922 0.045093
0 0.619548 0.653846 0.027259 0.045093
0 0.646417 0.657825 0.018692 0.042440
0 0.675623 0.668435 0.031931 0.047745
0 0.716121 0.676393 0.028816 0.047745
0 0.786604 0.690981 0.023364 0.045093