0 0.628894 0.537135 0.031931 0.050398
0 0.119548 0.881963 0.011682 0.087533
0 0.073598 0.210875 0.024143 0.087533
0 0.020249 0.509284 0.029595 0.037135
0 0.208723 0.323607 0.015576 0.084881
0 0.246885 0.830239 0.014019 0.100796
0 0.227804 0.842175 0.016355 0.098143
0 0.336838 0.278515 0.030374 0.042440
0 0.413551 0.237401 0.029595 0.045093
0 0.376947 0.229443 0.024922 0.039788
0 0.340343 0.224138 0.029595 0.045093
0 0.725078 0.310345 0.032710 0.053050
0 0.685748 0.290451 0.025701 0.045093
0 0.415498 0.297082 0.028816 0.047745
0 0.365654 0.336870 0.028816 0.042440
0 0.646417 0.281167 0.026480 0.042440
0 0.615265 0.279841 0.024922 0.045093
0 0.583723 0.275862 0.030374 0.042440
0 0.537773 0.265252 0.030374 0.042440
0 0.884346 0.201592 0.013240 0.090186
0 0.886682 0.103448 0.011682 0.079576
0 0.829050 0.155172 0.013240 0.087533
0 0.695093 0.417772 0.031931 0.050398
0 0.801791 0.469496 0.025701 0.047745
0 0.907321 0.522546 0.034268 0.063660
0 0.866822 0.679045 0.028037 0.074271
0 0.329829 0.632626 0.030374 0.045093
0 0.366044 0.628647 0.028037 0.042440
0 0.426012 0.623342 0.026480 0.042440
0 0.459891 0.625995 0.025701 0.047745
0 0.497274 0.632626 0.024143 0.045093
0 0.536994 0.641910 0.030374 0.042440
0 0.571262 0.647215 0.024143 0.047745
0 0.614486 0.655172 0.024922 0.042440
0 0.642134 0.657825 0.016355 0.037135
0 0.670561 0.665782 0.031153 0.042440
0 0.711059 0.677719 0.029595 0.045093
0 0.782321 0.692308 0.024143 0.042440