0 0.662773 0.538462 0.031153 0.047745
0 0.121106 0.880637 0.011682 0.090186
0 0.066199 0.226790 0.026480 0.076923
0 0.099688 0.047745 0.012461 0.090186
0 0.022586 0.507958 0.029595 0.039788
0 0.206386 0.216180 0.015576 0.087533
0 0.247664 0.779841 0.012461 0.095491
0 0.225857 0.733422 0.015576 0.098143
0 0.338396 0.277188 0.030374 0.045093
0 0.415109 0.234748 0.031153 0.045093
0 0.378894 0.228117 0.025701 0.047745
0 0.341900 0.220159 0.029595 0.047745
0 0.726636 0.305040 0.032710 0.053050
0 0.686526 0.287798 0.025701 0.045093
0 0.406931 0.293103 0.028816 0.045093
0 0.362928 0.334218 0.028037 0.042440
0 0.647586 0.281167 0.025701 0.042440
0 0.616822 0.275862 0.024922 0.042440
0 0.584502 0.271883 0.028816 0.039788
0 0.539720 0.261273 0.029595 0.039788
0 0.885514 0.197613 0.012461 0.087533
0 0.887461 0.102122 0.011682 0.082228
0 0.830218 0.153846 0.012461 0.084881
0 0.668224 0.405836 0.031153 0.053050
0 0.774922 0.452255 0.026480 0.045093
0 0.878894 0.505305 0.035047 0.061008
0 0.868769 0.676393 0.028816 0.074271
0 0.331776 0.628647 0.031153 0.042440
0 0.367601 0.624668 0.028037 0.039788
0 0.427570 0.620690 0.026480 0.042440
0 0.460670 0.624668 0.027259 0.045093
0 0.498442 0.631300 0.024922 0.042440
0 0.538941 0.640584 0.031153 0.045093
0 0.572819 0.647215 0.025701 0.047745
0 0.616044 0.652520 0.026480 0.042440
0 0.642913 0.656499 0.019470 0.039788
0 0.672508 0.665782 0.030374 0.042440
0 0.713006 0.676393 0.031931 0.047745
0 0.784268 0.692308 0.023364 0.047745