0 0.508178 0.525199 0.031931 0.047745
0 0.122274 0.883289 0.012461 0.090186
0 0.091900 0.132626 0.015576 0.095491
0 0.021807 0.507958 0.029595 0.039788
0 0.207555 0.179045 0.014798 0.087533
0 0.228193 0.710875 0.015576 0.084881
0 0.348910 0.283820 0.031153 0.042440
0 0.418614 0.238727 0.030374 0.042440
0 0.380841 0.230769 0.026480 0.042440
0 0.343458 0.222812 0.029595 0.047745
0 0.730140 0.309019 0.033489 0.055703
0 0.690810 0.287798 0.026480 0.045093
0 0.475467 0.307692 0.028816 0.042440
0 0.392523 0.342175 0.029595 0.042440
0 0.651090 0.282493 0.026480 0.039788
0 0.619548 0.279841 0.025701 0.045093
0 0.587227 0.277188 0.029595 0.039788
0 0.542056 0.265252 0.029595 0.042440
0 0.889408 0.200265 0.010903 0.092838
0 0.891745 0.100796 0.012461 0.084881
0 0.834112 0.148541 0.012461 0.100796
0 0.823209 0.469496 0.031153 0.058355
0 0.926791 0.531830 0.026480 0.050398
0 0.870327 0.673740 0.028816 0.079576
0 0.333723 0.632626 0.030374 0.045093
0 0.368769 0.628647 0.028816 0.042440
0 0.429517 0.622016 0.027259 0.045093
0 0.463396 0.627321 0.028037 0.045093
0 0.500779 0.635279 0.026480 0.045093
0 0.541667 0.641910 0.031931 0.042440
0 0.575935 0.649867 0.024143 0.042440
0 0.618769 0.653846 0.027259 0.039788
0 0.646028 0.656499 0.017913 0.039788
0 0.675234 0.663130 0.031153 0.042440
0 0.715343 0.675066 0.028816 0.045093
0 0.785826 0.689655 0.023364 0.047745