0 0.479361 0.525199 0.031931 0.047745
0 0.121106 0.885942 0.013240 0.090186
0 0.092290 0.125995 0.014798 0.092838
0 0.020639 0.510610 0.030374 0.045093
0 0.211059 0.311671 0.015576 0.087533
0 0.230530 0.801061 0.014019 0.084881
0 0.352025 0.286472 0.031153 0.042440
0 0.417835 0.241379 0.030374 0.047745
0 0.380452 0.234748 0.025701 0.045093
0 0.343458 0.225464 0.029595 0.047745
0 0.729361 0.315650 0.033489 0.053050
0 0.689642 0.295756 0.027259 0.045093
0 0.490654 0.315650 0.028037 0.042440
0 0.399533 0.347480 0.029595 0.042440
0 0.650312 0.287798 0.028037 0.045093
0 0.618769 0.282493 0.025701 0.045093
0 0.587227 0.279841 0.029595 0.039788
0 0.542056 0.267905 0.031153 0.042440
0 0.889798 0.204244 0.013240 0.090186
0 0.892134 0.104775 0.013240 0.082228
0 0.833723 0.151194 0.011682 0.100796
0 0.856308 0.492042 0.030374 0.055703
0 0.957555 0.553050 0.025701 0.050398
0 0.869159 0.676393 0.031153 0.079576
0 0.332944 0.636605 0.030374 0.042440
0 0.368769 0.633952 0.030374 0.042440
0 0.429128 0.625995 0.026480 0.037135
0 0.462227 0.629973 0.025701 0.039788
0 0.499611 0.636605 0.025701 0.042440
0 0.539720 0.644562 0.031153 0.047745
0 0.574766 0.655172 0.026480 0.047745
0 0.617212 0.661804 0.027259 0.045093
0 0.644081 0.663130 0.018692 0.042440
0 0.673287 0.668435 0.033489 0.042440
0 0.714953 0.681698 0.029595 0.047745
0 0.785436 0.692308 0.024143 0.047745