0 0.754673 0.554377 0.031153 0.047745
0 0.119548 0.880637 0.011682 0.090186
0 0.025312 0.250663 0.025701 0.039788
0 0.092290 0.131300 0.019470 0.098143
0 0.117212 0.041114 0.013240 0.082228
0 0.021417 0.503979 0.028816 0.042440
0 0.250000 0.675066 0.018692 0.108753
0 0.211059 0.399204 0.015576 0.098143
0 0.335670 0.275862 0.031153 0.042440
0 0.412383 0.234748 0.028816 0.045093
0 0.376168 0.226790 0.026480 0.045093
0 0.339564 0.220159 0.028037 0.042440
0 0.723131 0.307692 0.030374 0.047745
0 0.683411 0.289125 0.025701 0.047745
0 0.380062 0.285146 0.028037 0.045093
0 0.348910 0.331565 0.028037 0.042440
0 0.644860 0.279841 0.026480 0.045093
0 0.613707 0.274536 0.024922 0.039788
0 0.582165 0.271883 0.030374 0.039788
0 0.536604 0.261273 0.029595 0.039788
0 0.882399 0.197613 0.012461 0.087533
0 0.883956 0.102122 0.012461 0.076923
0 0.588006 0.379310 0.031153 0.047745
0 0.695483 0.420424 0.026480 0.045093
0 0.794393 0.464191 0.035826 0.058355
0 0.911994 0.534483 0.032710 0.055703
0 0.866044 0.673740 0.028037 0.074271
0 0.329439 0.629973 0.029595 0.039788
0 0.365654 0.625995 0.027259 0.042440
0 0.426012 0.620690 0.026480 0.042440
0 0.458333 0.623342 0.027259 0.047745
0 0.495717 0.629973 0.024143 0.045093
0 0.536994 0.639257 0.030374 0.042440
0 0.571262 0.647215 0.025701 0.047745
0 0.614097 0.653846 0.024143 0.039788
0 0.640966 0.653846 0.018692 0.039788
0 0.670171 0.661804 0.030374 0.045093
0 0.709891 0.673740 0.030374 0.047745
0 0.780763 0.692308 0.024143 0.047745