0 0.135514 0.615385 0.017134 0.100796
0 0.216511 0.244032 0.020249 0.106101
0 0.341511 0.513263 0.035047 0.061008
0 0.125000 0.880637 0.014798 0.084881
0 0.098520 0.055703 0.014798 0.090186
0 0.023364 0.502653 0.032710 0.045093
0 0.401869 0.289125 0.031153 0.042440
0 0.424065 0.234748 0.030374 0.045093
0 0.387072 0.226790 0.026480 0.045093
0 0.349299 0.220159 0.030374 0.047745
0 0.735981 0.310345 0.034268 0.053050
0 0.696651 0.289125 0.027259 0.042440
0 0.602414 0.338196 0.030374 0.050398
0 0.479751 0.359416 0.029595 0.039788
0 0.657321 0.281167 0.028037 0.042440
0 0.625779 0.277188 0.024143 0.039788
0 0.593458 0.274536 0.029595 0.039788
0 0.547897 0.262599 0.028816 0.042440
0 0.896807 0.201592 0.014798 0.090186
0 0.899533 0.102122 0.014019 0.082228
0 0.839953 0.153846 0.013240 0.095491
0 0.843847 0.035809 0.010125 0.066313
0 0.847352 0.632626 0.031153 0.045093
0 0.338006 0.628647 0.032710 0.042440
0 0.373442 0.623342 0.030374 0.037135
0 0.434190 0.620690 0.027259 0.042440
0 0.467290 0.624668 0.028037 0.039788
0 0.505062 0.628647 0.025701 0.047745
0 0.546340 0.640584 0.031931 0.045093
0 0.579829 0.647215 0.025701 0.047745
0 0.622274 0.655172 0.026480 0.042440
0 0.649922 0.656499 0.019470 0.045093
0 0.678349 0.664456 0.032710 0.039788
0 0.720016 0.676393 0.030374 0.047745
0 0.790888 0.692308 0.024143 0.047745