0 0.136682 0.708223 0.016355 0.100796
0 0.208333 0.127321 0.019470 0.106101
0 0.359813 0.514589 0.032710 0.047745
0 0.123053 0.885942 0.014019 0.090186
0 0.095016 0.068966 0.014019 0.090186
0 0.020639 0.509284 0.033489 0.042440
0 0.389019 0.291777 0.031931 0.047745
0 0.421729 0.238727 0.031931 0.042440
0 0.384735 0.233422 0.026480 0.042440
0 0.346573 0.226790 0.029595 0.045093
0 0.733255 0.315650 0.033489 0.053050
0 0.693536 0.295756 0.027259 0.045093
0 0.579829 0.336870 0.028816 0.047745
0 0.461059 0.359416 0.029595 0.039788
0 0.654206 0.286472 0.028037 0.042440
0 0.623442 0.282493 0.024143 0.039788
0 0.591121 0.281167 0.029595 0.042440
0 0.545561 0.267905 0.030374 0.042440
0 0.893692 0.206897 0.013240 0.090186
0 0.896807 0.110080 0.013240 0.082228
0 0.838006 0.155172 0.014019 0.098143
0 0.840732 0.039788 0.010125 0.068966
0 0.852025 0.645889 0.031153 0.055703
0 0.335280 0.635279 0.033489 0.045093
0 0.371106 0.631300 0.030374 0.042440
0 0.432243 0.625995 0.028037 0.042440
0 0.464564 0.631300 0.028816 0.037135
0 0.502726 0.633952 0.025701 0.047745
0 0.543614 0.644562 0.032710 0.047745
0 0.577492 0.655172 0.025701 0.047745
0 0.619548 0.660477 0.027259 0.042440
0 0.647975 0.663130 0.018692 0.042440
0 0.676012 0.669761 0.032710 0.039788
0 0.718069 0.680371 0.031153 0.045093
0 0.787773 0.696286 0.024143 0.045093