0 0.133178 0.375332 0.017134 0.098143
0 0.233645 0.587533 0.018692 0.108753
0 0.295950 0.550398 0.034268 0.092838
0 0.129283 0.874005 0.015576 0.092838
0 0.026090 0.496021 0.031931 0.042440
0 0.439642 0.290451 0.033489 0.039788
0 0.427960 0.230769 0.028816 0.042440
0 0.392134 0.222812 0.025701 0.042440
0 0.354361 0.216180 0.029595 0.045093
0 0.741044 0.303714 0.033489 0.045093
0 0.701713 0.287798 0.028037 0.045093
0 0.673287 0.352785 0.028816 0.047745
0 0.536994 0.366048 0.030374 0.037135
0 0.661604 0.275862 0.028816 0.047745
0 0.629673 0.274536 0.024143 0.034483
0 0.598131 0.270557 0.029595 0.042440
0 0.552570 0.257294 0.028816 0.037135
0 0.900701 0.201592 0.013240 0.090186
0 0.845405 0.148541 0.013240 0.090186
0 0.848910 0.034483 0.010903 0.068966
0 0.827103 0.618037 0.031153 0.042440
0 0.341121 0.624668 0.032710 0.045093
0 0.377336 0.622016 0.031931 0.039788
0 0.438084 0.618037 0.027259 0.042440
0 0.472741 0.620690 0.028037 0.042440
0 0.509346 0.627321 0.026480 0.045093
0 0.549065 0.639257 0.031153 0.047745
0 0.584112 0.644562 0.026480 0.042440
0 0.625779 0.649867 0.027259 0.042440
0 0.653816 0.649867 0.019470 0.047745
0 0.682243 0.660477 0.034268 0.042440
0 0.724688 0.672414 0.031931 0.050398
0 0.795171 0.685676 0.026480 0.039788
0 0.014798 0.425729 0.029595 0.050398