0 0.454050 0.518568 0.032710 0.045093
0 0.123053 0.883289 0.012461 0.090186
0 0.095016 0.110080 0.014019 0.098143
0 0.022975 0.507958 0.030374 0.039788
0 0.217679 0.433687 0.014798 0.087533
0 0.235202 0.884615 0.015576 0.082228
0 0.359813 0.283820 0.031153 0.042440
0 0.420171 0.238727 0.030374 0.047745
0 0.382399 0.232095 0.026480 0.045093
0 0.345405 0.224138 0.030374 0.045093
0 0.731698 0.312997 0.033489 0.053050
0 0.691978 0.294430 0.027259 0.047745
0 0.507788 0.314324 0.029595 0.045093
0 0.411215 0.347480 0.029595 0.047745
0 0.652648 0.283820 0.028037 0.042440
0 0.621106 0.282493 0.025701 0.045093
0 0.589953 0.278515 0.028816 0.042440
0 0.544003 0.262599 0.030374 0.042440
0 0.891745 0.204244 0.014019 0.090186
0 0.893692 0.107427 0.011682 0.082228
0 0.836059 0.152520 0.013240 0.103448
0 0.838006 0.039788 0.010903 0.074271
0 0.892134 0.511936 0.030374 0.058355
0 0.989875 0.570292 0.020249 0.047745
0 0.869938 0.676393 0.029595 0.074271
0 0.334502 0.632626 0.030374 0.045093
0 0.370717 0.629973 0.029595 0.039788
0 0.431075 0.623342 0.027259 0.042440
0 0.464953 0.627321 0.026480 0.045093
0 0.502336 0.635279 0.024922 0.045093
0 0.542056 0.641910 0.031153 0.047745
0 0.576713 0.652520 0.025701 0.047745
0 0.619938 0.657825 0.026480 0.042440
0 0.647196 0.661804 0.018692 0.039788
0 0.675623 0.669761 0.031931 0.045093
0 0.716511 0.680371 0.029595 0.045093
0 0.787383 0.694960 0.023364 0.047745